result | reference pattern | recorded pattern | recorded pattern spike count
1|[0,0,0,0,0,0,0,0,0,0,]|[0,0,0,0,0,0,0,0,0,0,]|[25,27,21,26,26,26,25,24,24,24,]
1|[0,0,0,0,0,0,0,0,0,0,]|[0,0,0,0,0,0,0,0,0,0,]|[27,25,26,25,23,29,27,27,23,28,]
1|[1,1,1,1,1,1,1,1,1,1,]|[1,1,1,1,1,1,1,1,1,1,]|[27,30,27,29,28,27,26,24,29,25,]
1|[1,1,1,1,1,1,1,1,1,1,]|[1,1,1,1,1,1,1,1,1,1,]|[31,22,24,30,27,30,29,28,23,29,]
1|[2,2,2,2,2,2,2,2,2,2,]|[2,2,2,2,2,2,2,2,2,2,]|[23,29,27,26,29,25,30,28,33,25,]
1|[2,2,2,2,2,2,2,2,2,2,]|[2,2,2,2,2,2,2,2,2,2,]|[28,26,30,22,26,29,26,26,30,28,]
1|[3,3,3,3,3,3,3,3,3,3,]|[3,3,3,3,3,3,3,3,3,3,]|[26,23,27,27,25,23,26,27,30,27,]
1|[3,3,3,3,3,3,3,3,3,3,]|[3,3,3,3,3,3,3,3,3,3,]|[29,25,23,22,26,26,26,29,29,27,]
1|[4,4,4,4,4,4,4,4,4,4,]|[4,4,4,4,4,4,4,4,4,4,]|[30,25,23,27,30,27,30,31,29,23,]
1|[4,4,4,4,4,4,4,4,4,4,]|[4,4,4,4,4,4,4,4,4,4,]|[25,27,23,25,27,25,24,30,26,24,]
1|[5,5,5,5,5,5,5,5,5,5,]|[5,5,5,5,5,5,5,5,5,5,]|[28,25,23,28,26,26,28,27,29,29,]
1|[5,5,5,5,5,5,5,5,5,5,]|[5,5,5,5,5,5,5,5,5,5,]|[27,28,29,24,23,29,28,27,25,26,]
1|[6,6,6,6,6,6,6,6,6,6,]|[6,6,6,6,6,6,6,6,6,6,]|[25,24,28,24,22,25,26,29,24,22,]
1|[6,6,6,6,6,6,6,6,6,6,]|[6,6,6,6,6,6,6,6,6,6,]|[21,27,26,24,27,25,30,23,22,26,]
1|[7,7,7,7,7,7,7,7,7,7,]|[7,7,7,7,7,7,7,7,7,7,]|[25,28,27,25,29,28,33,29,25,29,]
1|[7,7,7,7,7,7,7,7,7,7,]|[7,7,7,7,7,7,7,7,7,7,]|[28,27,28,26,23,31,25,23,23,31,]
1|[8,8,8,8,8,8,8,8,8,8,]|[8,8,8,8,8,8,8,8,8,8,]|[26,25,25,30,25,23,26,19,26,25,]
1|[8,8,8,8,8,8,8,8,8,8,]|[8,8,8,8,8,8,8,8,8,8,]|[28,28,25,25,26,22,22,24,31,25,]
1|[9,9,9,9,9,9,9,9,9,9,]|[9,9,9,9,9,9,9,9,9,9,]|[25,25,25,22,24,25,25,25,26,30,]
1|[9,9,9,9,9,9,9,9,9,9,]|[9,9,9,9,9,9,9,9,9,9,]|[28,24,28,19,26,33,25,30,24,27,]
0|[0,0,0,0,0,0,0,0,0,0,]|[0,9,0,0,0,0,9,9,9,9,]|[167,39,48,41,78,45,42,34,31,29,]
0|[0,0,0,0,0,0,0,0,0,0,]|[1,1,1,1,1,0,1,0,0,1,]|[96,83,92,78,65,67,78,93,89,77,]
0|[0,0,0,0,0,0,0,0,0,0,]|[0,2,2,2,0,2,1,2,1,1,]|[103,116,98,124,73,59,91,56,117,69,]
0|[0,0,0,0,0,0,0,0,0,0,]|[3,3,3,3,3,3,3,2,3,3,]|[87,124,85,111,81,83,80,77,83,103,]
0|[0,0,0,0,0,0,0,0,0,0,]|[4,4,4,4,3,3,4,4,4,4,]|[122,95,83,110,88,79,91,83,96,114,]
0|[0,0,0,0,0,0,0,0,0,0,]|[5,5,5,5,5,5,5,5,5,5,]|[106,83,91,83,75,82,80,81,84,101,]
0|[0,0,0,0,0,0,0,0,0,0,]|[6,6,6,6,6,6,6,6,6,6,]|[152,123,87,87,85,80,90,70,86,109,]
0|[0,0,0,0,0,0,0,0,0,0,]|[7,7,8,8,7,8,7,7,7,8,]|[110,155,95,95,100,105,92,95,90,70,]
0|[0,0,0,0,0,0,0,0,0,0,]|[0,9,9,0,0,0,9,0,0,0,]|[63,95,73,77,69,76,69,87,104,67,]
0|[0,0,0,0,0,0,0,0,0,0,]|[8,9,9,9,8,9,8,9,8,9,]|[147,77,100,79,98,83,102,84,89,90,]
0|[0,0,0,0,0,0,0,0,0,0,]|[0,-1,0,0,0,9,9,9,-1,9,]|[199,0,2,42,57,1,3,4,0,1,]
0|[0,0,0,0,0,0,0,0,0,0,]|[2,3,3,3,2,2,3,2,2,2,]|[68,100,86,95,102,91,80,94,87,88,]
0|[0,0,0,0,0,0,0,0,0,0,]|[2,2,2,2,3,2,1,2,1,2,]|[102,120,99,98,46,58,93,48,78,52,]
0|[0,0,0,0,0,0,0,0,0,0,]|[5,4,5,5,4,4,4,4,4,5,]|[106,83,90,83,85,89,92,96,88,100,]
0|[0,0,0,0,0,0,0,0,0,0,]|[4,4,4,4,4,4,4,4,4,4,]|[123,117,84,114,80,70,90,81,95,113,]
0|[0,0,0,0,0,0,0,0,0,0,]|[7,7,8,7,7,8,7,7,7,6,]|[110,145,71,87,106,69,92,95,90,74,]
0|[0,0,0,0,0,0,0,0,0,0,]|[6,6,6,6,6,6,6,7,6,6,]|[152,125,87,87,85,80,90,85,85,109,]
0|[0,0,0,0,0,0,0,0,0,0,]|[8,9,9,9,9,0,9,0,0,9,]|[87,99,93,80,93,76,100,86,98,94,]
0|[0,0,0,0,0,0,0,0,0,0,]|[8,9,9,9,8,9,8,9,8,9,]|[146,77,100,80,98,85,102,90,89,91,]
0|[0,0,0,0,0,0,0,0,0,0,]|[1,1,1,2,2,2,1,2,2,2,]|[106,108,81,77,101,89,73,94,88,88,]
0|[0,0,0,0,0,0,0,0,0,0,]|[0,-1,0,0,0,-1,1,-1,-1,-1,]|[199,0,9,21,36,0,4,0,0,0,]
0|[0,0,0,0,0,0,0,0,0,0,]|[4,4,4,5,4,4,4,4,4,5,]|[74,83,86,73,85,93,111,103,93,82,]
0|[0,0,0,0,0,0,0,0,0,0,]|[2,2,2,2,3,2,1,3,1,3,]|[109,145,103,102,67,57,88,56,82,66,]
0|[0,0,0,0,0,0,0,0,0,0,]|[7,7,6,7,7,6,7,7,7,6,]|[88,101,89,87,106,91,92,95,90,100,]
0|[0,0,0,0,0,0,0,0,0,0,]|[4,4,5,4,4,5,4,4,4,4,]|[123,125,95,114,80,90,90,82,96,113,]
0|[0,0,0,0,0,0,0,0,0,0,]|[8,9,9,9,9,8,9,9,9,9,]|[108,100,93,80,93,78,100,84,75,95,]
0|[0,0,0,0,0,0,0,0,0,0,]|[6,6,6,7,6,7,6,7,7,6,]|[152,125,87,105,85,100,89,98,90,109,]
0|[0,0,0,0,0,0,0,0,0,0,]|[1,1,1,1,2,2,1,2,2,2,]|[117,108,94,80,93,91,81,87,87,80,]
0|[0,0,0,0,0,0,0,0,0,0,]|[3,3,4,3,4,4,4,4,4,3,]|[87,109,85,102,85,93,111,104,93,103,]
0|[0,0,0,0,0,0,0,0,0,0,]|[8,9,9,9,8,9,8,9,9,9,]|[124,77,100,79,80,85,82,90,82,91,]
0|[0,0,0,0,0,0,0,0,0,0,]|[0,-1,0,-1,0,-1,1,-1,1,-1,]|[199,0,3,0,15,0,25,0,1,0,]
0|[0,0,0,0,0,0,0,0,0,0,]|[5,5,6,6,7,6,6,6,6,6,]|[86,74,89,81,75,91,73,71,73,100,]
0|[0,0,0,0,0,0,0,0,0,0,]|[2,2,2,2,3,3,1,3,3,3,]|[105,141,98,96,89,78,67,79,82,87,]
0|[0,0,0,0,0,0,0,0,0,0,]|[8,7,8,8,9,8,9,8,8,9,]|[109,95,95,94,93,105,100,86,90,95,]
0|[0,0,0,0,0,0,0,0,0,0,]|[4,4,5,4,5,5,5,5,4,4,]|[124,126,118,115,91,110,108,105,95,113,]
0|[0,0,0,0,0,0,0,0,0,0,]|[1,1,1,1,1,0,1,0,0,1,]|[117,108,93,80,66,66,81,84,91,79,]
0|[0,0,0,0,0,0,0,0,0,0,]|[6,6,6,7,7,7,6,7,7,6,]|[132,125,87,114,80,112,89,97,90,96,]
0|[0,0,0,0,0,0,0,0,0,0,]|[3,3,3,3,3,3,4,4,3,3,]|[87,123,85,111,81,84,89,79,82,103,]
0|[0,0,0,0,0,0,0,0,0,0,]|[8,9,9,9,0,9,9,9,9,9,]|[102,77,100,79,74,85,80,89,82,91,]
0|[0,0,0,0,0,0,0,0,0,0,]|[5,5,5,5,5,6,5,5,5,5,]|[106,83,90,83,76,91,80,81,85,100,]
0|[0,0,0,0,0,0,0,0,0,0,]|[0,-1,0,-1,-1,-1,1,-1,1,-1,]|[199,0,12,0,0,0,47,0,28,0,]
0|[0,0,0,0,0,0,0,0,0,0,]|[7,7,8,8,8,8,8,8,8,8,]|[107,139,95,94,73,105,76,87,90,70,]
0|[0,0,0,0,0,0,0,0,0,0,]|[2,2,2,2,3,3,2,3,3,3,]|[109,147,102,103,108,96,69,92,96,96,]
0|[0,0,0,0,0,0,0,0,0,0,]|[1,1,1,1,0,0,1,0,0,1,]|[80,68,82,80,69,77,77,87,104,73,]
0|[0,0,0,0,0,0,0,0,0,0,]|[4,4,5,4,5,5,5,5,4,4,]|[107,126,119,114,91,109,112,108,88,100,]
0|[0,0,0,0,0,0,0,0,0,0,]|[3,3,3,3,2,2,3,2,2,3,]|[87,123,85,111,94,85,80,93,85,103,]
0|[0,0,0,0,0,0,0,0,0,0,]|[6,6,7,7,7,7,6,7,7,6,]|[113,118,83,114,81,112,74,98,90,78,]
0|[0,0,0,0,0,0,0,0,0,0,]|[5,5,5,5,5,5,5,5,5,5,]|[106,83,91,83,75,81,80,81,85,100,]
0|[0,0,0,0,0,0,0,0,0,0,]|[7,7,8,8,7,8,7,7,7,8,]|[109,154,96,93,106,96,91,96,90,70,]
0|[0,0,0,0,0,0,0,0,0,0,]|[0,9,9,9,0,9,9,9,9,9,]|[96,77,100,80,75,85,80,89,82,91,]
correct pattern: 10/35(28.5714%)
correct pattern: 10/35(28.5714%)
