result | reference pattern | recorded pattern | recorded pattern spike count
1|[9,8,0,3,1,4,6,0,0,8,]|[9,8,0,3,1,4,6,0,0,8,]|[47,58,40,43,48,46,55,37,54,29,]
1|[9,4,1,6,5,5,0,3,6,9,]|[9,4,1,6,5,5,0,3,6,9,]|[49,49,44,41,46,44,39,39,49,37,]
1|[5,2,5,7,1,4,0,3,4,4,]|[5,2,5,7,1,4,0,3,4,4,]|[34,39,50,38,31,49,50,54,43,50,]
1|[2,7,4,0,0,8,1,2,6,8,]|[2,7,4,0,0,8,1,2,6,8,]|[54,28,56,33,40,46,40,34,41,55,]
1|[1,5,6,2,9,7,8,8,0,3,]|[1,5,6,2,9,7,8,8,0,3,]|[54,46,44,36,43,39,45,49,51,45,]
1|[7,1,5,9,6,1,5,7,7,8,]|[7,1,5,9,6,1,5,7,7,8,]|[45,47,50,48,46,41,58,46,38,47,]
0|[0,3,3,7,6,4,8,8,1,6,]|[0,3,3,7,6,4,8,8,1,3,]|[37,53,45,50,60,42,44,55,50,41,]
1|[7,5,1,7,2,3,1,1,5,8,]|[7,5,1,7,2,3,1,1,5,8,]|[48,57,50,58,44,50,47,51,40,32,]
1|[2,1,6,0,2,6,0,5,8,1,]|[2,1,6,0,2,6,0,5,8,1,]|[46,33,47,45,53,33,45,58,48,38,]
1|[1,7,4,9,0,6,8,7,3,1,]|[1,7,4,9,0,6,8,7,3,1,]|[46,47,51,46,36,52,43,38,52,49,]
1|[6,5,2,9,3,8,7,4,6,2,]|[6,5,2,9,3,8,7,4,6,2,]|[54,54,59,47,38,39,49,50,37,41,]
1|[5,7,6,0,1,7,4,9,7,2,]|[5,7,6,0,1,7,4,9,7,2,]|[50,65,45,50,43,45,49,49,51,52,]
1|[5,9,8,6,8,0,4,8,2,4,]|[5,9,8,6,8,0,4,8,2,4,]|[52,37,46,43,51,44,50,59,45,43,]
1|[0,9,2,3,6,7,3,6,9,4,]|[0,9,2,3,6,7,3,6,9,4,]|[48,35,52,47,52,49,56,46,55,58,]
0|[6,4,4,5,2,8,4,4,7,6,]|[6,4,4,5,2,8,4,4,7,2,]|[53,38,39,40,48,40,44,46,50,45,]
1|[0,0,2,8,4,1,9,9,0,2,]|[0,0,2,8,4,1,9,9,0,2,]|[51,43,43,43,45,44,53,50,48,42,]
1|[1,4,3,1,5,6,8,1,7,2,]|[1,4,3,1,5,6,8,1,7,2,]|[38,38,52,44,54,52,57,51,45,45,]
1|[4,3,4,0,2,8,9,2,6,1,]|[4,3,4,0,2,8,9,2,6,1,]|[45,46,41,50,46,59,38,40,51,23,]
1|[3,1,2,1,0,7,5,5,1,9,]|[3,1,2,1,0,7,5,5,1,9,]|[39,32,29,55,43,59,43,36,48,39,]
1|[5,8,1,9,3,9,1,4,8,0,]|[5,8,1,9,3,9,1,4,8,0,]|[50,35,51,48,55,52,45,42,48,54,]
1|[5,9,7,3,7,1,4,4,3,5,]|[5,9,7,3,7,1,4,4,3,5,]|[57,49,46,57,46,48,56,41,45,37,]
0|[5,2,6,2,2,0,0,5,2,7,]|[5,2,6,2,2,0,0,5,2,4,]|[56,37,50,48,49,43,38,40,51,28,]
1|[6,3,1,0,7,3,8,9,4,9,]|[6,3,1,0,7,3,8,9,4,9,]|[34,45,53,42,55,36,42,43,47,35,]
1|[7,1,0,5,1,0,8,8,9,0,]|[7,1,0,5,1,0,8,8,9,0,]|[45,59,46,37,54,47,43,38,49,43,]
0|[4,5,7,5,4,0,6,3,9,6,]|[4,5,7,5,4,0,6,3,9,4,]|[35,40,47,37,47,49,52,44,56,38,]
1|[2,3,9,4,3,4,8,5,6,3,]|[2,3,9,4,3,4,8,5,6,3,]|[55,39,64,45,52,44,58,53,44,41,]
1|[2,0,6,7,1,1,0,4,1,2,]|[2,0,6,7,1,1,0,4,1,2,]|[47,48,43,49,52,42,47,44,57,48,]
1|[1,2,8,3,1,7,4,7,1,7,]|[1,2,8,3,1,7,4,7,1,7,]|[48,46,40,48,66,35,42,44,64,48,]
1|[0,7,7,8,2,5,6,9,7,4,]|[0,7,7,8,2,5,6,9,7,4,]|[27,43,61,58,45,42,43,53,29,44,]
1|[7,1,1,0,0,5,3,2,5,8,]|[7,1,1,0,0,5,3,2,5,8,]|[48,52,41,48,43,48,45,55,59,48,]
1|[8,8,5,8,4,7,5,9,4,8,]|[8,8,5,8,4,7,5,9,4,8,]|[47,42,37,55,51,36,45,60,45,45,]
1|[2,8,1,9,7,9,9,8,4,0,]|[2,8,1,9,7,9,9,8,4,0,]|[42,55,39,44,33,42,51,42,49,50,]
1|[2,6,6,2,2,1,2,4,8,1,]|[2,6,6,2,2,1,2,4,8,1,]|[46,38,44,57,44,50,50,41,43,53,]
1|[7,5,8,3,0,4,6,0,6,3,]|[7,5,8,3,0,4,6,0,6,3,]|[54,44,36,51,41,48,39,46,36,50,]
1|[3,4,0,8,1,0,5,6,7,9,]|[3,4,0,8,1,0,5,6,7,9,]|[46,36,47,47,51,49,40,44,44,47,]
1|[9,9,0,1,3,7,8,7,1,4,]|[9,9,0,1,3,7,8,7,1,4,]|[46,45,50,55,53,49,41,38,41,33,]
1|[0,3,4,5,1,0,8,7,5,9,]|[0,3,4,5,1,0,8,7,5,9,]|[38,43,49,40,56,45,47,49,56,31,]
1|[4,9,5,9,3,2,2,1,9,5,]|[4,9,5,9,3,2,2,1,9,5,]|[44,46,41,57,52,56,51,53,50,44,]
1|[8,8,5,8,3,5,4,0,0,2,]|[8,8,5,8,3,5,4,0,0,2,]|[38,46,36,54,46,39,41,49,33,38,]
1|[7,4,2,1,2,5,0,9,8,2,]|[7,4,2,1,2,5,0,9,8,2,]|[38,48,53,43,55,48,41,40,47,55,]
1|[4,7,8,1,6,3,2,4,2,9,]|[4,7,8,1,6,3,2,4,2,9,]|[48,39,50,46,50,43,53,58,45,42,]
1|[4,7,3,7,2,0,2,2,2,0,]|[4,7,3,7,2,0,2,2,2,0,]|[53,47,50,50,44,54,50,53,56,39,]
1|[5,4,2,7,4,3,9,8,9,7,]|[5,4,2,7,4,3,9,8,9,7,]|[41,46,48,53,42,38,39,49,51,46,]
1|[6,0,9,0,5,2,9,9,0,8,]|[6,0,9,0,5,2,9,9,0,8,]|[41,49,57,43,47,45,47,40,46,44,]
1|[1,4,0,9,9,5,0,3,0,0,]|[1,4,0,9,9,5,0,3,0,0,]|[43,48,42,48,41,43,63,43,43,43,]
1|[5,8,4,1,4,3,2,7,5,4,]|[5,8,4,1,4,3,2,7,5,4,]|[51,37,42,38,53,51,40,49,42,48,]
1|[9,6,8,8,7,8,5,1,6,3,]|[9,6,8,8,7,8,5,1,6,3,]|[56,53,52,48,50,52,37,55,58,37,]
1|[2,7,2,7,7,2,3,8,9,1,]|[2,7,2,7,7,2,3,8,9,1,]|[43,40,45,41,48,50,44,46,41,47,]
1|[9,4,1,0,8,8,0,2,8,8,]|[9,4,1,0,8,8,0,2,8,8,]|[42,51,49,53,47,55,47,38,48,41,]
1|[3,7,3,7,5,3,2,4,3,3,]|[3,7,3,7,5,3,2,4,3,3,]|[33,53,44,48,40,50,56,54,53,43,]
1|[4,9,3,0,3,6,9,5,1,0,]|[4,9,3,0,3,6,9,5,1,0,]|[39,50,54,40,55,47,53,62,57,35,]
1|[4,6,5,6,7,1,3,5,8,4,]|[4,6,5,6,7,1,3,5,8,4,]|[57,50,31,40,44,50,55,50,54,32,]
1|[1,0,9,5,5,8,4,9,9,7,]|[1,0,9,5,5,8,4,9,9,7,]|[46,42,38,48,45,44,60,57,50,30,]
1|[4,1,1,4,5,8,3,9,4,4,]|[4,1,1,4,5,8,3,9,4,4,]|[37,40,45,42,54,40,39,44,44,46,]
1|[9,2,9,2,6,8,3,7,6,2,]|[9,2,9,2,6,8,3,7,6,2,]|[49,49,39,53,51,43,56,55,40,41,]
1|[9,0,3,2,5,6,2,7,6,2,]|[9,0,3,2,5,6,2,7,6,2,]|[50,52,49,58,42,43,52,42,31,39,]
1|[3,9,2,0,3,4,9,3,1,3,]|[3,9,2,0,3,4,9,3,1,3,]|[41,31,44,43,47,55,62,58,51,50,]
1|[0,1,3,7,2,5,9,8,1,3,]|[0,1,3,7,2,5,9,8,1,3,]|[53,47,44,56,49,53,51,47,52,56,]
1|[3,2,1,3,2,9,7,3,9,0,]|[3,2,1,3,2,9,7,3,9,0,]|[33,46,51,51,38,36,41,43,55,50,]
1|[0,2,3,3,9,7,7,7,5,5,]|[0,2,3,3,9,7,7,7,5,5,]|[43,44,45,38,38,46,50,39,56,47,]
1|[2,3,6,6,2,4,6,9,2,4,]|[2,3,6,6,2,4,6,9,2,4,]|[44,34,38,45,45,49,34,50,46,35,]
1|[9,8,4,3,0,3,1,0,2,9,]|[9,8,4,3,0,3,1,0,2,9,]|[47,53,45,41,52,48,47,40,37,45,]
1|[8,4,2,6,2,3,4,4,3,9,]|[8,4,2,6,2,3,4,4,3,9,]|[44,54,38,47,41,50,47,47,40,56,]
1|[2,7,6,1,0,7,7,1,5,2,]|[2,7,6,1,0,7,7,1,5,2,]|[54,39,42,60,49,49,53,48,44,48,]
1|[2,4,5,9,1,3,7,1,1,5,]|[2,4,5,9,1,3,7,1,1,5,]|[61,55,35,44,55,41,51,41,31,45,]
1|[7,9,4,0,9,9,1,6,7,0,]|[7,9,4,0,9,9,1,6,7,0,]|[34,47,48,37,51,45,54,44,33,52,]
1|[0,0,4,2,8,6,3,6,1,2,]|[0,0,4,2,8,6,3,6,1,2,]|[43,51,49,49,51,47,51,52,39,51,]
1|[7,3,8,1,9,7,7,8,3,8,]|[7,3,8,1,9,7,7,8,3,8,]|[48,49,46,46,52,49,60,48,43,45,]
1|[2,4,0,6,9,3,4,4,6,1,]|[2,4,0,6,9,3,4,4,6,1,]|[46,40,48,57,58,47,41,48,51,48,]
1|[1,8,9,8,3,4,9,8,9,3,]|[1,8,9,8,3,4,9,8,9,3,]|[50,48,48,39,39,45,54,48,60,60,]
correct pattern: 66/70(94.2857%)
