result | reference pattern | recorded pattern | recorded pattern spike count
0|[42,7,1,20,18,45,46,10,2,39,15,36,27,10,14,11,26,34,27,12,43,22,19,4,24,41,17,18,6,22,11,37,13,26,32,40,24,31,25,32,35,16,18,16,16,44,44,20,32,49,]|[-1,7,1,-1,-1,-1,-1,-1,2,-1,-1,-1,-1,-1,-1,-1,4,-1,-1,-1,-1,-1,-1,4,-1,8,-1,6,-1,5,-1,-1,6,-1,-1,-1,-1,2,-1,-1,-1,-1,-1,-1,9,-1,-1,-1,-1,-1,]|[0,47,47,0,0,0,0,0,44,0,0,0,0,0,0,0,1,0,0,0,0,0,0,48,0,3,0,5,0,4,0,0,4,0,0,0,0,2,0,0,0,0,0,0,2,0,0,0,0,0,]
0|[33,26,23,18,7,20,33,3,18,34,35,0,34,41,19,16,23,43,14,4,38,18,24,32,25,8,38,6,24,48,17,29,18,5,2,0,40,49,21,24,38,25,45,14,24,26,1,6,49,44,]|[-1,-1,-1,-1,7,-1,-1,3,-1,-1,-1,0,-1,-1,-1,-1,-1,-1,-1,4,-1,-1,-1,-1,-1,-1,-1,-1,-1,-1,-1,-1,-1,-1,-1,-1,-1,-1,-1,-1,-1,-1,-1,-1,-1,-1,-1,-1,-1,-1,]|[0,0,0,0,54,0,0,42,0,0,0,45,0,0,0,0,0,0,0,58,0,0,0,0,0,0,0,0,0,0,0,0,0,0,0,0,0,0,0,0,0,0,0,0,0,0,0,0,0,0,]
0|[26,30,33,25,2,39,25,1,6,15,34,5,19,40,22,8,21,49,49,17,21,26,13,14,3,5,23,21,12,13,18,34,13,44,9,47,22,25,7,0,27,38,4,8,17,38,41,0,0,13,]|[-1,-1,-1,-1,2,-1,-1,1,6,-1,-1,5,-1,-1,-1,8,-1,-1,-1,-1,-1,-1,-1,-1,3,-1,-1,-1,-1,-1,-1,-1,-1,-1,-1,-1,-1,-1,-1,-1,-1,-1,-1,-1,-1,-1,-1,-1,-1,-1,]|[0,0,0,0,49,0,0,50,44,0,0,42,0,0,0,45,0,0,0,0,0,0,0,0,42,0,0,0,0,0,0,0,0,0,0,0,0,0,0,0,0,0,0,0,0,0,0,0,0,0,]
0|[43,17,8,6,19,3,44,27,26,29,26,16,9,24,9,39,33,23,38,12,36,0,7,16,38,8,17,49,46,8,14,49,2,20,29,45,44,49,16,16,10,39,44,22,45,9,39,46,16,15,]|[-1,-1,8,6,-1,3,-1,-1,-1,-1,-1,-1,9,-1,9,-1,-1,-1,-1,-1,-1,0,7,-1,-1,-1,-1,-1,-1,-1,-1,-1,-1,-1,-1,-1,-1,-1,-1,-1,-1,-1,-1,-1,-1,-1,-1,-1,-1,-1,]|[0,0,49,39,0,38,0,0,0,0,0,0,51,0,48,0,0,0,0,0,0,43,34,0,0,0,0,0,0,0,0,0,0,0,0,0,0,0,0,0,0,0,0,0,0,0,0,0,0,0,]
0|[7,7,29,20,7,3,14,22,8,14,19,23,47,23,37,45,21,21,48,0,1,25,32,11,41,8,25,6,36,44,18,0,44,42,26,44,39,10,26,2,5,39,2,5,41,31,19,20,3,20,]|[7,7,-1,-1,7,3,-1,-1,8,-1,-1,-1,-1,-1,-1,-1,-1,-1,-1,0,1,-1,-1,-1,-1,8,-1,6,-1,-1,-1,0,-1,-1,-1,-1,-1,-1,-1,-1,-1,-1,-1,-1,-1,-1,-1,-1,-1,-1,]|[49,56,0,0,47,49,0,0,44,0,0,0,0,0,0,0,0,0,0,49,48,0,0,0,0,7,0,9,0,0,0,10,0,0,0,0,0,0,0,0,0,0,0,0,0,0,0,0,0,0,]
0|[32,47,0,32,41,40,6,0,29,43,10,40,10,36,4,31,28,11,27,38,39,45,8,15,34,47,12,26,3,36,46,3,4,40,10,39,2,24,48,20,0,29,44,9,17,28,8,16,14,31,]|[-1,-1,0,-1,-1,-1,6,0,-1,-1,-1,-1,-1,-1,4,-1,-1,-1,-1,-1,-1,-1,8,-1,-1,-1,-1,-1,-1,-1,-1,-1,-1,-1,-1,-1,-1,-1,-1,-1,-1,-1,-1,-1,-1,-1,-1,-1,-1,-1,]|[0,0,39,0,0,0,52,46,0,0,0,0,0,0,42,0,0,0,0,0,0,0,41,0,0,0,0,0,0,0,0,0,0,0,0,0,0,0,0,0,0,0,0,0,0,0,0,0,0,0,]
0|[14,1,25,41,31,34,42,15,43,19,35,45,13,49,12,5,7,39,3,30,44,19,47,30,16,7,18,32,38,37,31,45,8,23,8,15,31,2,12,36,16,7,31,34,44,41,12,6,0,27,]|[-1,1,-1,-1,-1,-1,-1,-1,-1,-1,-1,-1,-1,-1,-1,5,7,-1,3,-1,-1,-1,-1,-1,-1,-1,-1,-1,-1,-1,-1,-1,-1,-1,-1,-1,-1,-1,-1,-1,-1,-1,-1,-1,-1,-1,-1,-1,-1,-1,]|[0,49,0,0,0,0,0,0,0,0,0,0,0,0,0,39,44,0,55,0,0,0,0,0,0,0,0,0,0,0,0,0,0,0,0,0,0,0,0,0,0,0,0,0,0,0,0,0,0,0,]
0|[46,49,10,16,7,36,5,48,32,18,11,48,24,28,13,26,42,0,0,34,39,1,3,14,49,36,23,49,30,30,23,33,33,32,34,3,12,37,17,1,38,41,18,9,2,7,8,5,24,38,]|[-1,-1,-1,-1,7,-1,5,-1,-1,-1,-1,-1,-1,-1,-1,-1,-1,0,0,-1,-1,1,3,-1,-1,-1,-1,-1,-1,-1,-1,-1,-1,-1,-1,-1,-1,-1,-1,-1,-1,-1,-1,-1,-1,-1,-1,-1,-1,-1,]|[0,0,0,0,55,0,52,0,0,0,0,0,0,0,0,0,0,42,55,0,0,37,47,0,0,0,0,0,0,0,0,0,0,0,0,0,0,0,0,0,0,0,0,0,0,0,0,0,0,0,]
0|[23,15,3,44,0,12,25,26,41,33,29,12,11,21,2,16,25,31,13,16,1,30,22,31,48,19,20,8,15,22,31,39,42,20,21,7,8,27,13,3,43,29,45,40,37,41,8,34,26,14,]|[-1,-1,3,-1,0,-1,-1,-1,-1,-1,-1,-1,-1,-1,2,-1,-1,-1,-1,-1,1,-1,-1,-1,-1,-1,-1,-1,-1,-1,-1,-1,-1,-1,-1,-1,-1,-1,-1,-1,-1,-1,-1,-1,-1,-1,-1,-1,-1,-1,]|[0,0,46,0,41,0,0,0,0,0,0,0,0,0,40,0,0,0,0,0,43,0,0,0,0,0,0,0,0,0,0,0,0,0,0,0,0,0,0,0,0,0,0,0,0,0,0,0,0,0,]
0|[38,42,24,11,17,42,29,18,19,24,22,10,12,35,24,40,25,22,18,42,28,21,16,30,10,15,41,19,44,21,31,38,2,9,45,8,40,15,49,36,11,32,25,29,30,26,42,2,20,40,]|[-1,-1,-1,-1,-1,-1,-1,-1,-1,-1,-1,-1,-1,-1,-1,-1,-1,-1,-1,-1,-1,-1,-1,-1,-1,-1,-1,-1,-1,-1,-1,-1,-1,-1,-1,-1,-1,-1,-1,-1,-1,-1,-1,-1,-1,-1,-1,-1,-1,-1,]|[0,0,0,0,0,0,0,0,0,0,0,0,0,0,0,0,0,0,0,0,0,0,0,0,0,0,0,0,0,0,0,0,0,0,0,0,0,0,0,0,0,0,0,0,0,0,0,0,0,0,]
0|[41,0,12,13,32,46,8,49,16,0,31,10,37,16,8,27,10,16,30,28,12,31,39,19,0,49,48,23,35,41,36,47,11,37,42,26,34,21,44,38,38,4,29,0,46,11,7,35,24,20,]|[-1,0,-1,-1,-1,-1,8,-1,-1,0,-1,-1,-1,-1,8,-1,-1,-1,-1,-1,-1,-1,-1,-1,0,-1,-1,-1,-1,-1,-1,-1,-1,-1,-1,-1,-1,-1,-1,-1,-1,-1,-1,-1,-1,-1,-1,-1,-1,-1,]|[0,59,0,0,0,0,46,0,0,58,0,0,0,0,47,0,0,0,0,0,0,0,0,0,52,0,0,0,0,0,0,0,0,0,0,0,0,0,0,0,0,0,0,0,0,0,0,0,0,0,]
0|[33,17,13,9,10,7,44,20,22,3,19,19,21,40,30,40,11,29,27,3,19,38,28,11,34,8,28,2,41,23,1,14,43,38,17,0,24,45,32,47,1,48,37,27,45,31,31,28,25,43,]|[-1,-1,-1,9,-1,7,-1,-1,-1,3,-1,-1,-1,-1,-1,-1,-1,-1,-1,3,-1,-1,-1,-1,-1,-1,-1,-1,-1,-1,-1,-1,-1,-1,-1,-1,-1,-1,-1,-1,-1,-1,-1,-1,-1,-1,-1,-1,-1,-1,]|[0,0,0,43,0,43,0,0,0,44,0,0,0,0,0,0,0,0,0,47,0,0,0,0,0,0,0,0,0,0,0,0,0,0,0,0,0,0,0,0,0,0,0,0,0,0,0,0,0,0,]
0|[22,39,11,36,48,5,48,48,45,24,37,0,34,25,18,2,46,13,17,48,7,48,1,29,12,0,47,43,31,31,21,3,9,16,33,46,34,25,10,3,42,26,41,29,1,2,5,21,42,48,]|[-1,-1,-1,-1,-1,5,-1,-1,-1,-1,-1,0,-1,-1,-1,2,-1,-1,-1,-1,7,-1,1,-1,-1,-1,-1,-1,-1,-1,-1,-1,-1,-1,-1,-1,-1,-1,-1,-1,-1,-1,-1,-1,-1,-1,-1,-1,-1,-1,]|[0,0,0,0,0,48,0,0,0,0,0,39,0,0,0,48,0,0,0,0,46,0,47,0,0,0,0,0,0,0,0,0,0,0,0,0,0,0,0,0,0,0,0,0,0,0,0,0,0,0,]
0|[4,38,44,3,41,2,35,34,24,13,24,4,0,45,2,23,4,34,28,30,22,20,27,43,44,39,14,23,44,43,6,33,28,9,8,0,44,32,21,44,26,25,24,27,14,33,10,40,43,34,]|[4,-1,-1,3,-1,2,-1,-1,-1,-1,-1,4,0,-1,2,-1,4,-1,-1,-1,-1,-1,-1,-1,-1,-1,-1,-1,-1,-1,-1,-1,-1,-1,-1,-1,-1,-1,-1,-1,-1,-1,-1,-1,-1,-1,-1,-1,-1,-1,]|[58,0,0,42,0,48,0,0,0,0,0,50,48,0,52,0,49,0,0,0,0,0,0,0,0,0,0,0,0,0,0,0,0,0,0,0,0,0,0,0,0,0,0,0,0,0,0,0,0,0,]
0|[38,5,20,25,28,23,14,25,16,25,28,20,7,39,47,42,45,8,4,37,14,10,43,9,24,0,42,34,2,16,25,1,48,15,9,8,47,32,6,41,14,27,31,11,20,13,18,28,22,16,]|[-1,5,-1,-1,-1,-1,-1,-1,-1,-1,-1,-1,7,-1,-1,-1,-1,8,4,-1,-1,-1,-1,9,-1,-1,-1,-1,-1,-1,-1,-1,-1,-1,-1,-1,-1,-1,-1,-1,-1,-1,-1,-1,-1,-1,-1,-1,-1,-1,]|[0,47,0,0,0,0,0,0,0,0,0,0,44,0,0,0,0,48,43,0,0,0,0,47,0,0,0,0,0,0,0,0,0,0,0,0,0,0,0,0,0,0,0,0,0,0,0,0,0,0,]
0|[39,48,31,9,26,11,17,46,0,13,29,42,42,0,16,41,37,45,2,5,44,25,32,23,6,37,26,47,28,8,27,2,28,16,23,5,49,1,14,15,16,35,31,24,18,34,20,6,29,12,]|[-1,-1,-1,9,-1,-1,-1,-1,0,-1,-1,-1,-1,0,-1,-1,-1,-1,2,5,-1,-1,-1,-1,6,-1,-1,-1,-1,-1,-1,-1,-1,-1,-1,-1,-1,-1,-1,-1,-1,-1,-1,-1,-1,-1,-1,-1,-1,-1,]|[0,0,0,35,0,0,0,0,31,0,0,0,0,48,0,0,0,0,45,42,0,0,0,0,43,0,0,0,0,0,0,0,0,0,0,0,0,0,0,0,0,0,0,0,0,0,0,0,0,0,]
0|[38,16,38,29,8,23,18,26,9,17,35,37,34,15,3,36,24,40,41,21,20,28,35,39,33,32,46,5,26,10,19,15,4,34,46,46,24,1,21,17,42,5,37,48,16,43,23,15,32,44,]|[-1,-1,-1,-1,8,-1,-1,-1,9,-1,-1,-1,-1,-1,3,-1,-1,-1,-1,-1,-1,-1,-1,-1,-1,-1,-1,-1,-1,-1,-1,-1,-1,-1,-1,-1,-1,-1,-1,-1,-1,-1,-1,-1,-1,-1,-1,-1,-1,-1,]|[0,0,0,0,40,0,0,0,38,0,0,0,0,0,52,0,0,0,0,0,0,0,0,0,0,0,0,0,0,0,0,0,0,0,0,0,0,0,0,0,0,0,0,0,0,0,0,0,0,0,]
0|[12,33,32,31,28,0,4,4,47,8,4,30,4,2,11,29,8,1,15,13,36,22,23,46,3,28,49,41,6,35,41,30,23,44,28,47,35,6,3,25,21,4,16,36,16,44,0,7,34,5,]|[-1,-1,-1,-1,-1,0,4,4,-1,8,4,-1,4,2,-1,-1,8,1,-1,-1,-1,-1,-1,-1,3,-1,-1,-1,-1,-1,-1,-1,-1,-1,-1,-1,-1,6,-1,-1,-1,-1,-1,-1,-1,-1,-1,-1,-1,-1,]|[0,0,0,0,0,49,50,35,0,49,44,0,40,58,0,0,41,54,0,0,0,0,0,0,44,0,0,0,0,0,0,0,0,0,0,0,0,18,0,0,0,0,0,0,0,0,0,0,0,0,]
0|[45,36,40,35,21,26,13,0,3,1,31,18,24,16,48,34,27,18,37,47,20,5,17,32,44,7,9,26,39,37,25,36,25,28,21,3,42,9,20,33,45,29,18,10,13,14,3,43,46,49,]|[-1,-1,-1,-1,-1,-1,-1,0,3,1,-1,-1,-1,-1,-1,-1,-1,-1,-1,-1,-1,5,-1,-1,-1,-1,-1,-1,-1,-1,-1,-1,-1,-1,-1,-1,-1,-1,-1,-1,-1,-1,-1,-1,-1,-1,-1,-1,-1,-1,]|[0,0,0,0,0,0,0,39,49,53,0,0,0,0,0,0,0,0,0,0,0,48,0,0,0,0,0,0,0,0,0,0,0,0,0,0,0,0,0,0,0,0,0,0,0,0,0,0,0,0,]
0|[43,30,40,42,35,5,6,45,22,40,3,17,48,48,46,28,12,25,19,3,13,10,43,34,2,13,24,11,47,19,28,35,35,38,12,31,5,31,42,35,49,23,38,17,12,16,11,21,28,43,]|[-1,-1,-1,-1,-1,5,6,-1,-1,-1,3,-1,-1,-1,-1,-1,-1,-1,-1,3,-1,-1,-1,-1,2,-1,-1,-1,-1,-1,-1,-1,-1,-1,-1,-1,-1,-1,-1,-1,-1,-1,-1,-1,-1,-1,-1,-1,-1,-1,]|[0,0,0,0,0,52,43,0,0,0,60,0,0,0,0,0,0,0,0,53,0,0,0,0,62,0,0,0,0,0,0,0,0,0,0,0,0,0,0,0,0,0,0,0,0,0,0,0,0,0,]
0|[37,27,20,18,39,23,20,11,25,13,29,47,25,14,13,40,36,8,40,5,43,47,6,41,20,2,30,16,35,30,49,5,33,30,4,37,32,2,37,15,38,35,15,25,4,31,30,40,40,20,]|[-1,-1,-1,-1,-1,-1,-1,-1,-1,-1,-1,-1,-1,-1,-1,-1,-1,8,-1,5,-1,-1,6,-1,-1,-1,-1,-1,-1,-1,-1,-1,-1,-1,-1,-1,-1,-1,-1,-1,-1,-1,-1,-1,-1,-1,-1,-1,-1,-1,]|[0,0,0,0,0,0,0,0,0,0,0,0,0,0,0,0,0,42,0,50,0,0,56,0,0,0,0,0,0,0,0,0,0,0,0,0,0,0,0,0,0,0,0,0,0,0,0,0,0,0,]
0|[46,3,8,4,4,26,41,20,29,49,44,37,38,39,20,36,31,22,32,6,5,14,5,42,17,32,20,20,26,40,7,18,45,6,27,21,45,18,1,15,20,35,43,12,0,15,33,28,39,32,]|[-1,3,8,4,4,-1,-1,-1,-1,-1,-1,-1,-1,-1,-1,-1,-1,-1,-1,6,5,-1,5,-1,-1,-1,-1,-1,-1,-1,-1,-1,-1,-1,-1,-1,-1,-1,-1,-1,-1,-1,-1,-1,-1,-1,-1,-1,-1,-1,]|[0,52,49,43,50,0,0,0,0,0,0,0,0,0,0,0,0,0,0,47,43,0,54,0,0,0,0,0,0,0,0,0,0,0,0,0,0,0,0,0,0,0,0,0,0,0,0,0,0,0,]
0|[31,43,46,21,35,23,8,5,11,45,1,35,35,4,32,15,35,26,18,22,9,42,7,31,4,48,4,29,7,25,20,32,47,5,14,19,25,43,44,1,38,1,32,5,46,49,18,19,41,42,]|[-1,-1,-1,-1,-1,-1,8,5,-1,-1,1,-1,-1,4,-1,-1,-1,-1,-1,-1,9,-1,7,-1,4,-1,-1,-1,-1,-1,-1,-1,-1,-1,-1,-1,-1,-1,-1,-1,-1,-1,-1,-1,-1,-1,-1,-1,-1,-1,]|[0,0,0,0,0,0,41,54,0,0,38,0,0,43,0,0,0,0,0,0,40,0,51,0,52,0,0,0,0,0,0,0,0,0,0,0,0,0,0,0,0,0,0,0,0,0,0,0,0,0,]
0|[32,42,2,27,29,7,39,48,27,40,23,7,10,17,23,42,21,25,37,6,23,33,24,25,0,25,21,8,21,33,44,42,39,10,46,17,13,7,38,7,36,20,44,11,21,41,23,43,44,25,]|[-1,-1,2,-1,-1,7,-1,-1,-1,-1,-1,7,-1,-1,-1,-1,-1,-1,-1,6,-1,-1,-1,-1,0,-1,-1,8,-1,-1,-1,-1,-1,-1,-1,-1,-1,7,-1,-1,-1,-1,-1,-1,-1,-1,-1,-1,-1,-1,]|[0,0,51,0,0,52,0,0,0,0,0,52,0,0,0,0,0,0,0,51,0,0,0,0,51,0,0,11,0,0,0,0,0,0,0,0,0,6,0,0,0,0,0,0,0,0,0,0,0,0,]
0|[40,34,1,4,42,49,27,14,27,38,30,24,46,12,20,10,8,43,36,32,22,27,36,32,33,2,17,39,48,32,7,0,42,31,40,2,43,41,43,33,5,15,29,36,46,31,27,42,33,23,]|[-1,-1,1,4,-1,-1,-1,-1,-1,-1,-1,-1,-1,-1,-1,-1,8,-1,-1,-1,-1,-1,-1,-1,-1,-1,-1,-1,-1,-1,-1,-1,-1,-1,-1,-1,-1,-1,-1,-1,-1,-1,-1,-1,-1,-1,-1,-1,-1,-1,]|[0,0,43,45,0,0,0,0,0,0,0,0,0,0,0,0,50,0,0,0,0,0,0,0,0,0,0,0,0,0,0,0,0,0,0,0,0,0,0,0,0,0,0,0,0,0,0,0,0,0,]
0|[41,17,10,34,13,17,19,0,38,36,45,16,1,48,17,44,19,22,7,17,31,6,24,21,47,12,1,1,28,8,36,26,1,43,37,28,42,18,44,33,22,41,43,23,47,40,45,17,13,7,]|[-1,-1,1,-1,-1,-1,-1,0,-1,-1,-1,-1,1,-1,-1,-1,-1,-1,7,-1,-1,6,-1,-1,-1,-1,-1,-1,-1,-1,-1,-1,-1,-1,-1,-1,-1,-1,-1,-1,-1,-1,-1,-1,-1,-1,-1,-1,-1,-1,]|[0,0,1,0,0,0,0,58,0,0,0,0,42,0,0,0,0,0,37,0,0,50,0,0,0,0,0,0,0,0,0,0,0,0,0,0,0,0,0,0,0,0,0,0,0,0,0,0,0,0,]
0|[18,48,30,44,39,30,28,7,30,39,43,3,11,26,15,8,28,31,24,39,32,46,47,16,23,5,21,36,6,24,26,15,17,5,45,0,47,31,25,7,10,1,9,34,6,0,12,6,48,26,]|[-1,-1,-1,-1,-1,-1,-1,7,-1,-1,-1,3,-1,-1,-1,8,-1,-1,-1,-1,-1,-1,-1,-1,-1,-1,-1,-1,-1,-1,-1,-1,-1,-1,-1,-1,-1,-1,-1,-1,-1,-1,-1,-1,-1,-1,-1,-1,-1,-1,]|[0,0,0,0,0,0,0,45,0,0,0,50,0,0,0,43,0,0,0,0,0,0,0,0,0,0,0,0,0,0,0,0,0,0,0,0,0,0,0,0,0,0,0,0,0,0,0,0,0,0,]
0|[40,26,3,43,27,40,38,13,42,47,15,23,11,43,30,30,32,30,27,4,10,13,15,15,28,10,10,24,20,35,9,3,20,27,25,43,23,4,22,15,3,27,46,31,36,40,8,1,47,25,]|[-1,-1,3,-1,-1,-1,-1,-1,-1,-1,-1,-1,-1,-1,-1,-1,-1,-1,-1,4,-1,-1,-1,-1,-1,-1,-1,-1,-1,-1,-1,-1,-1,-1,-1,-1,-1,-1,-1,-1,-1,-1,-1,-1,-1,-1,-1,-1,-1,-1,]|[0,0,32,0,0,0,0,0,0,0,0,0,0,0,0,0,0,0,0,37,0,0,0,0,0,0,0,0,0,0,0,0,0,0,0,0,0,0,0,0,0,0,0,0,0,0,0,0,0,0,]
0|[13,17,45,4,5,11,33,18,36,1,46,42,13,25,39,28,11,45,43,29,2,30,15,42,2,40,4,32,40,11,34,16,42,15,13,4,18,7,36,11,29,42,8,16,29,35,47,27,10,8,]|[-1,-1,-1,4,5,-1,-1,-1,-1,1,-1,-1,-1,-1,-1,-1,-1,-1,-1,-1,2,-1,-1,-1,2,-1,-1,-1,-1,-1,-1,-1,-1,-1,-1,4,-1,-1,-1,-1,-1,-1,8,-1,-1,-1,-1,-1,-1,-1,]|[0,0,0,47,53,0,0,0,0,43,0,0,0,0,0,0,0,0,0,0,46,0,0,0,58,0,0,0,0,0,0,0,0,0,0,4,0,0,0,0,0,0,6,0,0,0,0,0,0,0,]
0|[8,45,28,16,48,18,48,48,35,12,14,2,2,22,36,38,28,17,23,42,31,19,40,0,26,27,42,32,19,30,27,11,8,48,45,26,25,46,49,43,29,42,16,38,14,43,39,27,8,21,]|[8,-1,-1,-1,-1,-1,-1,-1,-1,-1,-1,2,2,-1,-1,-1,-1,-1,-1,-1,-1,-1,-1,0,-1,-1,-1,-1,-1,-1,-1,-1,-1,-1,-1,-1,-1,-1,-1,-1,-1,-1,-1,-1,-1,-1,-1,-1,-1,-1,]|[45,0,0,0,0,0,0,0,0,0,0,52,48,0,0,0,0,0,0,0,0,0,0,56,0,0,0,0,0,0,0,0,0,0,0,0,0,0,0,0,0,0,0,0,0,0,0,0,0,0,]
0|[8,41,28,24,19,33,1,32,31,15,43,44,28,20,42,25,11,39,6,35,18,22,8,6,2,37,17,7,9,47,21,35,1,3,49,26,43,1,22,40,13,13,39,6,29,40,36,44,3,37,]|[8,-1,-1,-1,-1,-1,1,-1,-1,-1,-1,-1,-1,-1,-1,-1,-1,-1,6,-1,-1,-1,8,6,2,-1,-1,-1,-1,-1,-1,-1,-1,-1,-1,-1,-1,-1,-1,-1,-1,-1,-1,-1,-1,-1,-1,-1,-1,-1,]|[40,0,0,0,0,0,47,0,0,0,0,0,0,0,0,0,0,0,32,0,0,0,51,41,45,0,0,0,0,0,0,0,0,0,0,0,0,0,0,0,0,0,0,0,0,0,0,0,0,0,]
0|[35,37,38,36,15,6,4,27,2,2,46,24,4,25,9,10,46,32,8,43,28,39,30,16,14,1,4,3,41,33,4,32,20,17,6,5,32,8,9,6,14,39,36,34,19,34,9,37,7,43,]|[-1,-1,-1,-1,-1,6,4,-1,2,2,-1,-1,4,-1,9,-1,-1,-1,8,-1,-1,-1,-1,-1,-1,1,4,-1,-1,-1,4,-1,-1,-1,6,-1,-1,8,9,6,-1,-1,-1,-1,-1,-1,9,-1,-1,-1,]|[0,0,0,0,0,51,37,0,45,53,0,0,45,0,39,0,0,0,35,0,0,0,0,0,0,21,8,0,0,0,1,0,0,0,3,0,0,9,44,20,0,0,0,0,0,0,14,0,0,0,]
0|[2,38,46,10,31,37,20,43,23,12,48,15,25,9,2,34,23,42,40,0,1,20,12,2,44,0,10,10,2,10,22,48,40,4,24,37,33,35,33,0,37,9,2,24,14,24,9,20,1,23,]|[2,-1,-1,-1,-1,-1,-1,-1,-1,-1,-1,-1,-1,9,2,-1,-1,-1,-1,0,1,-1,-1,2,-1,1,-1,-1,-1,-1,-1,-1,-1,-1,6,-1,-1,8,9,6,-1,9,-1,-1,-1,-1,9,-1,-1,-1,]|[38,0,0,0,0,0,0,0,0,0,0,0,0,32,54,0,0,0,0,44,59,0,0,41,0,3,0,0,0,0,0,0,0,0,5,0,0,1,2,2,0,15,0,0,0,0,4,0,0,0,]
0|[21,38,14,33,26,8,26,7,33,2,47,27,41,15,18,29,4,48,41,1,6,13,11,11,48,11,48,36,13,15,46,12,41,6,29,0,44,6,1,17,9,25,33,5,44,20,18,25,24,16,]|[-1,-1,-1,-1,-1,8,-1,7,-1,2,-1,-1,-1,-1,2,-1,4,-1,-1,1,6,-1,-1,-1,-1,-1,-1,-1,-1,-1,-1,-1,-1,-1,-1,-1,-1,-1,-1,-1,-1,-1,-1,-1,-1,-1,-1,-1,-1,-1,]|[0,0,0,0,0,51,0,41,0,47,0,0,0,0,1,0,63,0,0,49,48,0,0,0,0,0,0,0,0,0,0,0,0,0,0,0,0,0,0,0,0,0,0,0,0,0,0,0,0,0,]
0|[34,22,39,15,2,27,33,19,7,28,34,5,38,39,11,42,10,24,44,34,11,5,40,0,42,26,20,8,47,2,35,29,33,30,14,25,6,15,3,38,2,30,26,16,16,18,44,44,27,15,]|[-1,-1,-1,-1,2,-1,-1,-1,7,-1,-1,5,-1,-1,-1,-1,-1,-1,-1,-1,-1,5,-1,0,-1,-1,-1,8,-1,-1,-1,-1,-1,-1,-1,-1,6,-1,3,-1,2,-1,-1,-1,-1,-1,-1,-1,-1,-1,]|[0,0,0,0,51,0,0,0,57,0,0,52,0,0,0,0,0,0,0,0,0,46,0,47,0,0,0,1,0,0,0,0,0,0,0,0,23,0,1,0,6,0,0,0,0,0,0,0,0,0,]
0|[48,41,42,16,16,37,46,48,8,35,36,14,33,12,14,21,19,17,35,48,34,36,12,48,23,19,18,26,16,35,31,32,28,35,6,16,43,43,47,33,38,38,15,16,26,29,19,39,35,12,]|[-1,-1,-1,-1,-1,-1,-1,-1,8,-1,-1,-1,-1,-1,-1,-1,-1,-1,-1,-1,-1,-1,-1,-1,-1,-1,-1,-1,-1,-1,-1,-1,-1,-1,-1,-1,-1,-1,-1,-1,-1,-1,-1,-1,-1,-1,-1,-1,-1,-1,]|[0,0,0,0,0,0,0,0,51,0,0,0,0,0,0,0,0,0,0,0,0,0,0,0,0,0,0,0,0,0,0,0,0,0,0,0,0,0,0,0,0,0,0,0,0,0,0,0,0,0,]
0|[32,9,30,39,42,10,27,15,47,40,4,43,10,36,42,36,36,30,19,10,23,12,40,10,36,34,4,4,35,16,19,0,15,39,1,2,36,43,2,0,19,17,4,0,5,3,27,0,25,4,]|[-1,9,-1,-1,-1,-1,-1,-1,-1,-1,4,-1,-1,-1,-1,-1,-1,-1,-1,-1,-1,-1,-1,-1,-1,-1,-1,-1,-1,-1,-1,-1,-1,-1,-1,-1,-1,-1,-1,-1,-1,-1,-1,-1,-1,-1,-1,-1,-1,-1,]|[0,44,0,0,0,0,0,0,0,0,51,0,0,0,0,0,0,0,0,0,0,0,0,0,0,0,0,0,0,0,0,0,0,0,0,0,0,0,0,0,0,0,0,0,0,0,0,0,0,0,]
0|[35,18,12,4,41,45,41,5,7,48,9,36,35,22,11,0,22,40,10,25,20,19,37,8,15,12,24,17,47,17,26,3,49,26,37,41,29,29,48,20,42,11,0,7,1,48,29,47,26,35,]|[-1,-1,-1,4,-1,-1,-1,5,7,-1,9,-1,-1,-1,-1,0,-1,-1,-1,-1,-1,-1,-1,8,-1,-1,-1,-1,-1,-1,-1,-1,-1,-1,-1,-1,-1,-1,-1,-1,-1,-1,-1,-1,-1,-1,-1,-1,-1,-1,]|[0,0,0,43,0,0,0,46,46,0,46,0,0,0,0,48,0,0,0,0,0,0,0,50,0,0,0,0,0,0,0,0,0,0,0,0,0,0,0,0,0,0,0,0,0,0,0,0,0,0,]
0|[9,6,11,19,46,10,19,40,23,8,5,7,36,15,1,39,14,28,20,0,48,10,14,38,37,21,32,39,47,35,25,0,19,29,47,47,46,4,38,5,20,18,34,28,32,15,1,27,30,16,]|[9,6,-1,-1,-1,-1,-1,-1,-1,8,5,7,-1,-1,1,-1,-1,-1,-1,0,-1,-1,-1,-1,-1,-1,-1,-1,-1,-1,-1,-1,-1,-1,-1,-1,-1,-1,-1,-1,-1,-1,-1,-1,-1,-1,-1,-1,-1,-1,]|[32,45,0,0,0,0,0,0,0,41,51,49,0,0,52,0,0,0,0,47,0,0,0,0,0,0,0,0,0,0,0,0,0,0,0,0,0,0,0,0,0,0,0,0,0,0,0,0,0,0,]
0|[13,17,40,1,39,28,24,32,5,33,45,16,8,46,38,35,24,45,9,34,28,19,31,27,18,7,15,19,30,1,34,48,48,23,36,40,19,8,49,40,4,37,17,31,37,33,17,11,26,22,]|[-1,-1,-1,1,-1,-1,-1,-1,5,-1,-1,-1,8,-1,-1,-1,-1,-1,9,-1,-1,-1,-1,-1,-1,-1,-1,-1,-1,-1,-1,-1,-1,-1,-1,-1,-1,-1,-1,-1,-1,-1,-1,-1,-1,-1,-1,-1,-1,-1,]|[0,0,0,55,0,0,0,0,48,0,0,0,41,0,0,0,0,0,50,0,0,0,0,0,0,0,0,0,0,0,0,0,0,0,0,0,0,0,0,0,0,0,0,0,0,0,0,0,0,0,]
0|[45,7,29,23,1,19,36,6,5,8,42,14,34,29,7,17,20,22,19,4,38,46,41,37,9,23,31,43,6,30,47,23,14,45,3,5,6,4,14,26,27,4,11,32,18,43,39,11,30,33,]|[-1,7,-1,-1,1,-1,-1,6,5,8,-1,-1,-1,-1,7,-1,-1,-1,-1,4,-1,-1,-1,-1,9,-1,-1,-1,-1,-1,-1,-1,-1,-1,-1,5,-1,-1,-1,-1,-1,-1,-1,-1,-1,-1,-1,-1,-1,-1,]|[0,44,0,0,34,0,0,56,45,41,0,0,0,0,39,0,0,0,0,38,0,0,0,0,36,0,0,0,0,0,0,0,0,0,0,1,0,0,0,0,0,0,0,0,0,0,0,0,0,0,]
0|[11,17,27,47,19,10,21,40,20,29,33,43,32,17,19,42,35,42,16,9,29,45,31,44,43,22,16,49,24,15,11,13,49,36,15,2,28,6,19,26,22,28,49,39,1,43,16,36,3,25,]|[-1,-1,-1,-1,-1,-1,-1,-1,-1,-1,-1,-1,-1,-1,-1,-1,-1,-1,-1,9,-1,-1,-1,-1,-1,-1,-1,-1,-1,-1,-1,-1,-1,-1,-1,-1,-1,-1,-1,-1,-1,-1,-1,-1,-1,-1,-1,-1,-1,-1,]|[0,0,0,0,0,0,0,0,0,0,0,0,0,0,0,0,0,0,0,52,0,0,0,0,0,0,0,0,0,0,0,0,0,0,0,0,0,0,0,0,0,0,0,0,0,0,0,0,0,0,]
0|[3,20,25,22,32,39,24,9,35,2,15,13,2,43,9,1,31,29,39,48,37,35,22,48,42,22,12,18,8,6,3,41,23,35,2,49,46,39,17,8,42,13,49,24,31,29,8,32,11,45,]|[3,-1,-1,-1,-1,-1,-1,9,-1,2,-1,-1,2,-1,9,1,-1,-1,-1,-1,-1,-1,-1,-1,-1,-1,-1,-1,-1,-1,-1,-1,-1,-1,-1,-1,-1,-1,-1,-1,-1,-1,-1,-1,-1,-1,-1,-1,-1,-1,]|[57,0,0,0,0,0,0,39,0,54,0,0,38,0,48,38,0,0,0,0,0,0,0,0,0,0,0,0,0,0,0,0,0,0,0,0,0,0,0,0,0,0,0,0,0,0,0,0,0,0,]
0|[32,43,9,23,19,7,12,39,45,18,18,10,16,49,29,25,37,24,37,30,28,0,1,39,20,14,15,12,23,46,5,43,46,45,49,13,39,39,16,40,21,28,5,30,0,8,39,47,29,41,]|[-1,-1,9,-1,-1,7,-1,-1,-1,-1,-1,-1,-1,-1,-1,-1,-1,-1,-1,-1,-1,0,1,-1,-1,-1,-1,-1,-1,-1,-1,-1,-1,-1,-1,-1,-1,-1,-1,-1,-1,-1,-1,-1,-1,-1,-1,-1,-1,-1,]|[0,0,54,0,0,33,0,0,0,0,0,0,0,0,0,0,0,0,0,0,0,43,44,0,0,0,0,0,0,0,0,0,0,0,0,0,0,0,0,0,0,0,0,0,0,0,0,0,0,0,]
0|[42,48,28,1,6,12,34,27,9,35,26,26,8,13,25,4,40,32,40,10,2,33,23,32,17,4,44,3,31,11,12,24,36,39,46,32,45,40,33,3,4,28,27,26,7,13,42,39,24,32,]|[-1,-1,-1,1,6,-1,-1,-1,9,-1,-1,-1,8,-1,-1,4,-1,-1,-1,-1,2,-1,-1,-1,-1,-1,-1,-1,-1,-1,-1,-1,-1,-1,-1,-1,-1,-1,-1,-1,-1,-1,-1,-1,-1,-1,-1,-1,-1,-1,]|[0,0,0,41,38,0,0,0,46,0,0,0,55,0,0,49,0,0,0,0,53,0,0,0,0,0,0,0,0,0,0,0,0,0,0,0,0,0,0,0,0,0,0,0,0,0,0,0,0,0,]
0|[39,44,30,20,33,23,1,22,5,15,37,47,24,6,35,0,49,32,19,16,10,33,46,35,48,40,25,15,39,19,31,18,1,11,35,31,26,25,32,31,35,47,36,34,30,21,20,47,26,42,]|[-1,-1,-1,-1,-1,-1,1,-1,5,-1,-1,-1,-1,6,-1,0,-1,-1,-1,-1,-1,-1,-1,-1,-1,-1,-1,-1,-1,-1,-1,-1,-1,-1,-1,-1,-1,-1,-1,-1,-1,-1,-1,-1,-1,-1,-1,-1,-1,-1,]|[0,0,0,0,0,0,51,0,42,0,0,0,0,44,0,43,0,0,0,0,0,0,0,0,0,0,0,0,0,0,0,0,0,0,0,0,0,0,0,0,0,0,0,0,0,0,0,0,0,0,]
0|[20,48,10,46,3,18,37,4,22,24,47,41,26,0,0,5,22,21,5,26,2,11,45,35,19,2,7,47,5,19,6,21,24,18,6,32,12,32,12,6,13,11,23,19,2,37,17,31,38,24,]|[-1,-1,-1,-1,3,-1,-1,4,-1,-1,-1,-1,-1,0,0,5,-1,-1,5,-1,2,-1,-1,-1,-1,-1,-1,-1,-1,-1,-1,-1,-1,-1,-1,-1,-1,-1,-1,-1,-1,-1,-1,-1,-1,-1,-1,-1,-1,-1,]|[0,0,0,0,49,0,0,50,0,0,0,0,0,61,45,46,0,0,50,0,49,0,0,0,0,0,0,0,0,0,0,0,0,0,0,0,0,0,0,0,0,0,0,0,0,0,0,0,0,0,]
0|[20,6,46,35,35,24,18,18,17,10,12,26,5,11,37,25,44,17,21,4,34,35,38,16,13,26,22,29,32,20,34,18,8,39,17,37,45,30,25,15,6,25,10,44,30,3,39,29,19,21,]|[-1,6,-1,-1,-1,-1,-1,-1,-1,-1,-1,-1,5,-1,-1,-1,-1,-1,-1,4,-1,-1,-1,-1,-1,-1,-1,-1,-1,-1,-1,-1,-1,-1,-1,-1,-1,-1,-1,-1,-1,-1,-1,-1,-1,-1,-1,-1,-1,-1,]|[0,52,0,0,0,0,0,0,0,0,0,0,52,0,0,0,0,0,0,50,0,0,0,0,0,0,0,0,0,0,0,0,0,0,0,0,0,0,0,0,0,0,0,0,0,0,0,0,0,0,]
0|[13,45,47,20,49,23,1,12,19,13,7,6,21,13,32,39,40,15,16,20,30,38,13,38,4,44,35,39,37,25,29,34,28,33,0,49,0,16,20,41,0,7,6,15,22,35,19,19,40,7,]|[-1,6,-1,-1,-1,-1,1,-1,-1,-1,7,6,-1,-1,-1,-1,-1,-1,-1,4,-1,-1,-1,-1,4,-1,-1,-1,-1,-1,-1,-1,-1,-1,-1,-1,-1,-1,-1,-1,-1,-1,-1,-1,-1,-1,-1,-1,-1,-1,]|[0,1,0,0,0,0,51,0,0,0,45,44,0,0,0,0,0,0,0,1,0,0,0,0,54,0,0,0,0,0,0,0,0,0,0,0,0,0,0,0,0,0,0,0,0,0,0,0,0,0,]
0|[42,21,21,26,49,0,23,0,13,49,9,18,45,31,34,39,26,45,16,3,32,37,39,6,15,16,31,8,39,0,21,44,2,12,3,11,19,16,5,38,34,49,27,26,45,19,43,6,46,42,]|[-1,-1,-1,-1,-1,0,-1,0,-1,-1,9,-1,-1,-1,-1,-1,-1,-1,-1,3,-1,-1,-1,6,-1,-1,-1,8,-1,0,-1,-1,2,-1,-1,-1,-1,-1,5,-1,-1,-1,-1,-1,-1,-1,-1,6,-1,-1,]|[0,0,0,0,0,48,0,37,0,0,44,0,0,0,0,0,0,0,0,47,0,0,0,53,0,0,0,4,0,12,0,0,7,0,0,0,0,0,11,0,0,0,0,0,0,0,0,3,0,0,]
0|[30,27,31,26,49,26,36,7,26,29,44,18,2,41,20,46,6,17,7,47,12,17,44,21,33,0,2,26,32,41,43,45,4,13,36,29,4,10,36,20,3,3,10,24,17,8,26,35,39,7,]|[-1,-1,-1,-1,-1,-1,-1,7,-1,-1,-1,-1,2,-1,-1,-1,6,-1,7,-1,-1,-1,-1,-1,-1,0,2,-1,-1,-1,-1,-1,4,-1,-1,-1,4,-1,-1,-1,3,3,-1,-1,-1,8,-1,-1,-1,7,]|[0,0,0,0,0,0,0,46,0,0,0,0,49,0,0,0,55,0,52,0,0,0,0,0,0,17,34,0,0,0,0,0,20,0,0,0,25,0,0,0,35,31,0,0,0,21,0,0,0,30,]
0|[29,43,17,35,16,12,45,6,44,25,48,32,43,13,17,0,35,23,19,2,28,49,14,45,43,10,7,49,27,20,38,10,28,20,41,33,21,16,40,19,46,3,29,39,19,15,32,49,14,41,]|[-1,-1,-1,-1,-1,-1,-1,6,-1,-1,-1,-1,-1,-1,-1,0,-1,-1,-1,2,-1,-1,-1,-1,-1,0,-1,-1,-1,-1,-1,-1,-1,-1,-1,-1,4,-1,-1,-1,3,3,-1,-1,-1,8,-1,-1,-1,7,]|[0,0,0,0,0,0,0,46,0,0,0,0,0,0,0,50,0,0,0,35,0,0,0,0,0,3,0,0,0,0,0,0,0,0,0,0,2,0,0,0,4,8,0,0,0,3,0,0,0,2,]
0|[48,38,49,21,12,46,14,23,11,36,2,13,11,47,33,29,31,25,34,41,34,34,5,19,13,41,22,36,49,38,31,12,24,7,10,44,42,26,5,47,37,37,10,7,31,33,47,5,31,38,]|[-1,-1,-1,-1,-1,-1,-1,-1,-1,-1,2,-1,-1,-1,-1,-1,-1,-1,-1,-1,-1,-1,5,-1,-1,-1,-1,-1,-1,-1,-1,-1,-1,-1,-1,-1,-1,-1,-1,-1,-1,-1,-1,-1,-1,-1,-1,-1,-1,-1,]|[0,0,0,0,0,0,0,0,0,0,38,0,0,0,0,0,0,0,0,0,0,0,42,0,0,0,0,0,0,0,0,0,0,0,0,0,0,0,0,0,0,0,0,0,0,0,0,0,0,0,]
0|[34,7,7,42,34,16,26,9,11,26,22,5,0,37,4,14,20,13,34,31,38,3,1,8,9,44,7,42,44,37,43,35,18,34,35,26,24,8,16,30,9,34,35,2,46,25,2,16,2,36,]|[-1,7,7,-1,-1,-1,-1,9,-1,-1,-1,5,0,-1,4,-1,-1,-1,-1,-1,-1,3,1,8,9,-1,7,-1,-1,-1,-1,-1,-1,-1,-1,-1,-1,8,-1,-1,9,-1,-1,2,-1,-1,2,-1,2,-1,]|[0,51,45,0,0,0,0,42,0,0,0,48,47,0,40,0,0,0,0,0,0,41,37,70,44,0,42,0,0,0,0,0,0,0,0,0,0,38,0,0,34,0,0,41,0,0,50,0,35,0,]
0|[23,13,7,38,30,2,43,27,43,42,5,25,14,15,26,49,8,6,34,35,36,15,5,46,22,10,46,27,0,39,27,33,24,3,42,32,29,8,23,6,29,49,7,21,40,26,19,13,37,20,]|[-1,-1,7,-1,-1,2,-1,-1,-1,-1,5,-1,-1,-1,-1,-1,8,6,-1,-1,-1,-1,5,-1,-1,-1,7,-1,0,-1,-1,-1,-1,3,-1,-1,-1,-1,-1,6,9,-1,7,2,-1,-1,2,-1,2,-1,]|[0,0,48,0,0,48,0,0,0,0,42,0,0,0,0,0,42,34,0,0,0,0,46,0,0,0,2,0,13,0,0,0,0,9,0,0,0,0,0,6,3,0,22,3,0,0,4,0,3,0,]
0|[46,39,18,30,35,2,38,28,36,15,7,44,38,11,17,10,4,30,14,17,18,23,32,9,46,20,2,38,7,16,10,39,14,10,15,19,42,5,38,31,32,12,23,28,41,1,4,43,6,1,]|[-1,-1,-1,-1,-1,2,-1,-1,-1,-1,7,-1,-1,-1,-1,-1,4,-1,-1,-1,-1,-1,-1,9,-1,-1,-1,-1,-1,-1,-1,-1,-1,-1,-1,-1,-1,-1,-1,-1,-1,-1,-1,-1,-1,-1,-1,-1,-1,-1,]|[0,0,0,0,0,51,0,0,0,0,35,0,0,0,0,0,36,0,0,0,0,0,0,50,0,0,0,0,0,0,0,0,0,0,0,0,0,0,0,0,0,0,0,0,0,0,0,0,0,0,]
0|[18,30,18,19,13,21,23,36,6,33,35,39,20,40,26,47,17,15,17,31,41,31,24,15,0,15,33,49,36,27,31,1,11,15,13,47,1,18,23,40,47,44,46,31,28,26,3,33,4,31,]|[-1,-1,-1,-1,-1,-1,-1,-1,6,-1,-1,-1,-1,-1,-1,-1,-1,-1,-1,-1,-1,-1,-1,-1,0,-1,-1,-1,-1,-1,-1,-1,-1,-1,-1,-1,-1,-1,-1,-1,-1,-1,-1,-1,-1,-1,-1,-1,-1,-1,]|[0,0,0,0,0,0,0,0,48,0,0,0,0,0,0,0,0,0,0,0,0,0,0,0,47,0,0,0,0,0,0,0,0,0,0,0,0,0,0,0,0,0,0,0,0,0,0,0,0,0,]
0|[20,38,1,49,42,2,46,12,22,9,40,49,44,7,12,7,11,7,8,9,26,44,18,28,42,22,47,1,39,6,41,9,41,31,4,46,14,4,43,20,32,41,8,40,2,4,41,34,24,14,]|[-1,-1,1,-1,-1,2,-1,-1,-1,9,-1,-1,-1,7,-1,7,-1,7,8,9,-1,-1,-1,-1,-1,-1,-1,1,-1,6,-1,9,-1,-1,4,-1,-1,4,-1,-1,-1,-1,8,-1,2,4,-1,-1,-1,-1,]|[0,0,42,0,0,45,0,0,0,44,0,0,0,36,0,48,0,52,56,44,0,0,0,0,0,0,0,35,0,36,0,26,0,0,33,0,0,29,0,0,0,0,40,0,35,32,0,0,0,0,]
0|[21,32,21,22,4,22,15,10,9,44,45,20,18,33,36,36,26,6,0,0,27,15,39,9,3,4,18,33,45,30,31,25,17,35,33,23,25,46,30,38,32,40,30,17,28,33,38,46,35,42,]|[-1,-1,-1,-1,4,-1,-1,-1,9,-1,-1,-1,-1,-1,-1,-1,-1,6,0,0,-1,-1,-1,9,3,4,-1,1,-1,6,-1,9,-1,-1,4,-1,-1,4,-1,-1,-1,-1,8,-1,2,4,-1,-1,-1,-1,]|[0,0,0,0,35,0,0,0,49,0,0,0,0,0,0,0,0,39,51,33,0,0,0,53,47,34,0,5,0,2,0,3,0,0,3,0,0,5,0,0,0,0,5,0,3,3,0,0,0,0,]
0|[41,32,22,18,5,11,46,46,15,38,37,4,17,3,30,47,7,35,32,1,29,47,17,25,41,1,27,48,42,33,28,11,22,35,39,13,13,3,28,20,16,16,48,25,19,2,42,49,17,40,]|[-1,-1,-1,-1,5,-1,-1,-1,-1,-1,-1,4,-1,3,-1,-1,7,-1,-1,1,-1,-1,-1,-1,-1,1,-1,-1,-1,-1,-1,-1,-1,-1,-1,-1,-1,-1,-1,-1,-1,-1,-1,-1,-1,-1,-1,-1,-1,-1,]|[0,0,0,0,59,0,0,0,0,0,0,54,0,46,0,0,33,0,0,55,0,0,0,0,0,1,0,0,0,0,0,0,0,0,0,0,0,0,0,0,0,0,0,0,0,0,0,0,0,0,]
0|[28,29,47,13,11,8,39,11,7,6,18,24,10,4,17,18,3,12,12,25,46,45,40,5,27,10,30,2,34,5,7,43,41,26,30,4,20,14,43,44,37,39,32,44,48,19,47,17,29,43,]|[-1,-1,-1,-1,-1,8,-1,-1,7,6,-1,-1,-1,4,-1,-1,3,-1,-1,-1,-1,-1,-1,5,-1,-1,-1,2,-1,5,7,-1,-1,-1,-1,-1,-1,-1,-1,-1,-1,-1,-1,-1,-1,-1,-1,-1,-1,-1,]|[0,0,0,0,0,39,0,0,49,38,0,0,0,44,0,0,43,0,0,0,0,0,0,54,0,0,0,16,0,30,16,0,0,0,0,0,0,0,0,0,0,0,0,0,0,0,0,0,0,0,]
0|[15,41,17,44,46,20,0,31,27,14,0,42,47,34,22,4,30,30,23,38,2,39,40,2,5,18,26,4,19,12,25,49,17,5,3,39,44,20,15,44,43,15,44,5,44,16,24,32,10,30,]|[-1,-1,-1,-1,-1,-1,0,-1,-1,-1,0,-1,-1,-1,-1,4,-1,-1,-1,-1,2,-1,-1,2,5,-1,-1,2,-1,-1,-1,-1,-1,-1,-1,-1,-1,-1,-1,-1,-1,-1,-1,-1,-1,-1,-1,-1,-1,-1,]|[0,0,0,0,0,0,51,0,0,0,46,0,0,0,0,40,0,0,0,0,56,0,0,38,46,0,0,1,0,0,0,0,0,0,0,0,0,0,0,0,0,0,0,0,0,0,0,0,0,0,]
0|[32,4,4,47,16,19,5,13,1,32,23,9,4,35,27,11,30,33,45,35,28,29,29,7,14,10,26,34,39,29,2,36,30,10,9,20,3,21,42,42,44,0,18,18,39,23,49,31,37,25,]|[-1,4,4,-1,-1,-1,5,-1,1,-1,-1,9,4,-1,-1,-1,-1,-1,-1,-1,-1,-1,-1,7,-1,-1,-1,4,-1,-1,-1,-1,-1,-1,-1,-1,-1,-1,-1,-1,-1,-1,-1,-1,-1,-1,-1,-1,-1,-1,]|[0,47,36,0,0,0,50,0,42,0,0,38,42,0,0,0,0,0,0,0,0,0,0,45,0,0,0,1,0,0,0,0,0,0,0,0,0,0,0,0,0,0,0,0,0,0,0,0,0,0,]
0|[18,29,1,45,37,23,44,38,42,39,37,27,13,44,18,29,18,1,41,21,9,1,31,18,22,10,29,48,30,10,45,48,49,1,48,41,32,11,21,6,22,30,37,11,36,7,13,47,45,8,]|[-1,-1,1,-1,-1,-1,-1,-1,-1,-1,-1,-1,-1,-1,-1,-1,-1,1,-1,-1,9,1,-1,-1,-1,-1,-1,-1,-1,-1,-1,-1,-1,-1,-1,-1,-1,-1,-1,-1,-1,-1,-1,-1,-1,-1,-1,-1,-1,-1,]|[0,0,45,0,0,0,0,0,0,0,0,0,0,0,0,0,0,41,0,0,53,42,0,0,0,0,0,0,0,0,0,0,0,0,0,0,0,0,0,0,0,0,0,0,0,0,0,0,0,0,]
0|[1,48,8,33,31,40,38,23,39,3,10,27,47,37,24,23,27,46,5,4,33,38,21,42,31,39,42,32,29,12,23,32,37,21,40,11,21,23,15,28,47,6,28,1,35,29,32,4,49,20,]|[1,-1,8,-1,-1,-1,-1,-1,-1,3,-1,-1,-1,-1,-1,-1,-1,-1,5,4,-1,-1,-1,-1,-1,-1,-1,-1,-1,-1,-1,-1,-1,-1,-1,-1,-1,-1,-1,-1,-1,-1,-1,-1,-1,-1,-1,-1,-1,-1,]|[37,0,44,0,0,0,0,0,0,49,0,0,0,0,0,0,0,0,54,49,0,0,0,0,0,0,0,0,0,0,0,0,0,0,0,0,0,0,0,0,0,0,0,0,0,0,0,0,0,0,]
0|[17,19,38,47,17,27,12,30,21,21,49,17,9,47,45,7,45,26,13,31,3,11,49,38,43,42,8,6,31,40,23,43,14,0,10,11,2,30,39,25,31,46,3,5,19,47,16,11,46,24,]|[-1,-1,-1,-1,-1,-1,-1,-1,-1,-1,-1,-1,9,-1,-1,7,-1,-1,-1,4,3,-1,-1,-1,-1,-1,-1,-1,-1,-1,-1,-1,-1,-1,-1,-1,-1,-1,-1,-1,-1,-1,-1,-1,-1,-1,-1,-1,-1,-1,]|[0,0,0,0,0,0,0,0,0,0,0,0,41,0,0,59,0,0,0,1,48,0,0,0,0,0,0,0,0,0,0,0,0,0,0,0,0,0,0,0,0,0,0,0,0,0,0,0,0,0,]
0|[2,7,40,34,28,33,25,14,9,46,31,48,23,25,16,23,26,19,5,42,2,35,14,11,24,6,46,41,39,23,44,44,7,14,20,26,28,19,19,26,16,32,16,7,3,47,20,37,5,6,]|[2,7,-1,-1,-1,-1,-1,-1,9,-1,-1,-1,-1,-1,-1,-1,-1,-1,5,-1,2,-1,-1,-1,-1,6,-1,-1,-1,-1,-1,-1,7,-1,-1,-1,-1,-1,-1,-1,-1,-1,-1,7,-1,-1,-1,-1,5,-1,]|[54,56,0,0,0,0,0,0,41,0,0,0,0,0,0,0,0,0,50,0,50,0,0,0,0,23,0,0,0,0,0,0,36,0,0,0,0,0,0,0,0,0,0,2,0,0,0,0,25,0,]
0|[30,10,11,21,45,47,48,28,16,16,10,42,14,24,26,34,26,7,21,27,38,26,47,3,29,2,47,47,26,39,11,16,9,46,28,20,3,31,19,41,14,48,11,28,25,14,18,27,30,12,]|[-1,-1,-1,-1,-1,-1,-1,-1,-1,-1,-1,-1,-1,-1,-1,-1,-1,7,-1,-1,-1,-1,-1,3,-1,-1,-1,-1,-1,-1,-1,-1,7,-1,-1,-1,-1,-1,-1,-1,-1,-1,-1,7,-1,-1,-1,-1,-1,-1,]|[0,0,0,0,0,0,0,0,0,0,0,0,0,0,0,0,0,45,0,0,0,0,0,33,0,0,0,0,0,0,0,0,2,0,0,0,0,0,0,0,0,0,0,2,0,0,0,0,0,0,]
0|[16,41,42,12,49,7,22,2,36,8,46,22,6,19,40,28,38,46,27,44,37,38,8,29,43,2,38,44,22,16,1,4,2,25,1,21,15,36,39,13,4,41,21,35,12,28,41,30,23,4,]|[-1,-1,-1,-1,-1,7,-1,2,-1,8,-1,-1,6,-1,-1,-1,-1,-1,-1,-1,-1,-1,8,3,-1,-1,-1,-1,-1,-1,-1,-1,-1,-1,-1,-1,-1,-1,-1,-1,-1,-1,-1,-1,-1,-1,-1,-1,-1,-1,]|[0,0,0,0,0,54,0,41,0,55,0,0,40,0,0,0,0,0,0,0,0,0,40,1,0,0,0,0,0,0,0,0,0,0,0,0,0,0,0,0,0,0,0,0,0,0,0,0,0,0,]
0|[31,22,20,11,26,18,33,14,1,37,32,31,40,4,12,37,16,19,4,37,44,1,29,1,36,6,8,10,48,27,24,6,10,38,22,49,14,48,35,4,41,43,11,4,33,2,4,47,44,43,]|[-1,-1,-1,-1,-1,-1,-1,-1,1,-1,-1,-1,-1,4,-1,-1,-1,-1,4,-1,-1,1,-1,1,-1,-1,-1,-1,-1,-1,-1,6,-1,-1,-1,-1,-1,-1,-1,-1,-1,-1,-1,4,-1,-1,-1,-1,-1,-1,]|[0,0,0,0,0,0,0,0,45,0,0,0,0,47,0,0,0,0,38,0,0,43,0,49,0,0,0,0,0,0,0,17,0,0,0,0,0,0,0,0,0,0,0,41,0,0,0,0,0,0,]
0|[48,11,44,15,35,37,47,27,36,2,44,40,4,15,15,47,49,29,16,39,34,36,28,31,28,14,4,32,25,30,20,9,20,5,14,39,17,26,12,21,24,35,26,8,11,1,13,7,26,2,]|[-1,-1,-1,-1,-1,-1,-1,-1,-1,2,-1,-1,4,-1,-1,-1,-1,-1,-1,-1,-1,-1,-1,-1,-1,-1,-1,-1,-1,-1,-1,6,-1,-1,-1,-1,-1,-1,-1,-1,-1,-1,-1,4,-1,-1,-1,-1,-1,-1,]|[0,0,0,0,0,0,0,0,0,37,0,0,52,0,0,0,0,0,0,0,0,0,0,0,0,0,0,0,0,0,0,3,0,0,0,0,0,0,0,0,0,0,0,1,0,0,0,0,0,0,]
0|[9,8,1,33,21,7,32,23,22,0,33,33,10,15,41,32,42,18,23,30,42,23,10,18,12,3,34,26,10,18,37,12,2,0,30,37,46,9,26,14,37,14,5,48,26,10,13,16,15,26,]|[9,8,1,-1,-1,7,-1,-1,-1,0,-1,-1,-1,-1,-1,-1,-1,-1,-1,-1,-1,-1,-1,-1,-1,3,-1,-1,-1,-1,-1,-1,-1,-1,-1,-1,-1,9,-1,-1,-1,-1,5,-1,-1,-1,-1,-1,-1,-1,]|[49,44,39,0,0,46,0,0,0,39,0,0,0,0,0,0,0,0,0,0,0,0,0,0,0,2,0,0,0,0,0,0,0,0,0,0,0,7,0,0,0,0,1,0,0,0,0,0,0,0,]
0|[5,20,13,49,32,38,38,22,12,21,44,11,12,4,44,18,15,43,28,37,25,21,48,36,13,18,44,20,27,33,27,38,31,34,31,14,26,15,0,10,3,8,42,36,31,15,25,47,4,4,]|[5,-1,-1,-1,-1,-1,-1,-1,-1,-1,-1,-1,-1,4,-1,-1,-1,-1,-1,-1,-1,-1,-1,-1,-1,-1,-1,-1,-1,-1,-1,-1,-1,-1,-1,-1,-1,-1,-1,-1,-1,-1,-1,-1,-1,-1,-1,-1,-1,-1,]|[48,0,0,0,0,0,0,0,0,0,0,0,0,52,0,0,0,0,0,0,0,0,0,0,0,0,0,0,0,0,0,0,0,0,0,0,0,0,0,0,0,0,0,0,0,0,0,0,0,0,]
0|[5,20,4,26,34,39,21,12,9,39,32,28,26,40,24,26,4,45,11,42,11,2,26,17,25,11,15,23,17,34,6,30,21,42,1,15,14,19,8,3,0,12,10,16,4,5,4,29,38,40,]|[5,-1,4,-1,-1,-1,-1,-1,9,-1,-1,-1,-1,-1,-1,-1,4,-1,-1,-1,-1,2,-1,-1,-1,-1,-1,-1,-1,-1,-1,-1,-1,-1,-1,-1,-1,-1,8,-1,0,-1,-1,-1,-1,-1,4,-1,-1,-1,]|[60,0,43,0,0,0,0,0,42,0,0,0,0,0,0,0,50,0,0,0,0,38,0,0,0,0,0,0,0,0,0,0,0,0,0,0,0,0,11,0,1,0,0,0,0,0,2,0,0,0,]
0|[27,15,9,24,7,23,18,7,49,2,6,34,10,41,5,39,13,5,10,26,33,7,7,34,41,21,32,47,21,23,46,29,11,17,18,49,11,24,49,9,35,47,28,13,21,13,11,24,23,44,]|[-1,-1,9,-1,7,-1,-1,7,-1,2,6,-1,-1,-1,5,-1,-1,5,-1,-1,-1,7,7,-1,-1,-1,-1,-1,-1,-1,-1,-1,-1,-1,-1,-1,-1,-1,-1,9,-1,-1,-1,-1,-1,-1,-1,-1,-1,-1,]|[0,0,43,0,55,0,0,32,0,48,45,0,0,0,38,0,0,37,0,0,0,52,42,0,0,0,0,0,0,0,0,0,0,0,0,0,0,0,0,40,0,0,0,0,0,0,0,0,0,0,]
0|[11,48,28,37,19,47,13,45,0,32,37,18,5,1,25,12,7,35,45,27,26,24,23,25,27,0,6,32,49,25,49,45,34,19,44,43,48,33,23,5,23,27,3,9,30,28,3,49,33,34,]|[-1,-1,-1,-1,-1,-1,-1,-1,0,-1,-1,-1,5,1,-1,-1,7,-1,-1,-1,-1,-1,-1,-1,-1,0,6,-1,-1,-1,-1,-1,-1,-1,-1,-1,-1,-1,-1,5,-1,-1,3,9,-1,-1,3,-1,-1,-1,]|[0,0,0,0,0,0,0,0,47,0,0,0,49,47,0,0,52,0,0,0,0,0,0,0,0,37,30,0,0,0,0,0,0,0,0,0,0,0,0,25,0,0,28,26,0,0,32,0,0,0,]
0|[36,23,11,42,12,26,36,10,6,44,17,21,41,41,40,10,10,42,44,43,25,27,39,49,31,31,6,27,3,17,27,14,14,0,16,32,4,42,14,37,16,6,34,24,38,42,39,23,9,4,]|[-1,-1,-1,-1,-1,-1,-1,-1,6,-1,-1,-1,-1,1,-1,-1,-1,-1,-1,-1,-1,-1,-1,-1,-1,-1,-1,-1,-1,-1,-1,-1,-1,-1,-1,-1,-1,-1,-1,-1,-1,-1,3,-1,-1,-1,3,-1,-1,-1,]|[0,0,0,0,0,0,0,0,53,0,0,0,0,1,0,0,0,0,0,0,0,0,0,0,0,0,0,0,0,0,0,0,0,0,0,0,0,0,0,0,0,0,2,0,0,0,3,0,0,0,]
0|[26,1,44,2,19,19,36,28,20,10,0,13,36,18,15,14,38,31,46,40,24,4,48,17,17,44,28,37,25,49,49,14,36,31,37,9,34,7,37,29,36,23,11,47,3,20,14,2,8,35,]|[-1,1,-1,2,-1,-1,-1,-1,-1,-1,0,-1,-1,-1,-1,-1,-1,-1,-1,-1,-1,4,-1,-1,-1,-1,-1,-1,-1,-1,-1,-1,-1,-1,-1,-1,-1,-1,-1,-1,-1,-1,-1,-1,-1,-1,-1,-1,-1,-1,]|[0,52,0,51,0,0,0,0,0,0,43,0,0,0,0,0,0,0,0,0,0,40,0,0,0,0,0,0,0,0,0,0,0,0,0,0,0,0,0,0,0,0,0,0,0,0,0,0,0,0,]
0|[6,6,44,35,4,31,33,49,14,8,2,30,17,44,41,21,38,14,26,0,44,18,27,26,23,16,20,13,25,38,42,30,31,48,35,41,8,38,5,13,14,11,18,47,37,42,11,28,8,38,]|[6,6,-1,-1,4,-1,-1,-1,-1,8,2,-1,-1,-1,-1,-1,-1,-1,-1,0,-1,-1,-1,-1,-1,-1,-1,-1,-1,-1,-1,-1,-1,-1,-1,-1,8,-1,5,-1,-1,-1,-1,-1,-1,-1,-1,-1,8,-1,]|[38,51,0,0,59,0,0,0,0,40,45,0,0,0,0,0,0,0,0,56,0,0,0,0,0,0,0,0,0,0,0,0,0,0,0,0,28,0,29,0,0,0,0,0,0,0,0,0,12,0,]
0|[44,0,12,1,28,32,31,40,6,47,13,35,40,48,24,21,30,3,4,24,35,43,39,49,31,27,33,22,12,9,25,33,35,41,23,13,26,31,43,23,6,21,20,2,31,38,13,18,19,47,]|[-1,0,-1,1,-1,-1,-1,-1,6,-1,-1,-1,-1,-1,-1,-1,-1,3,4,-1,-1,-1,-1,-1,-1,-1,-1,-1,-1,9,-1,-1,-1,-1,-1,-1,8,-1,5,-1,6,-1,-1,2,-1,-1,-1,-1,-1,-1,]|[0,46,0,50,0,0,0,0,47,0,0,0,0,0,0,0,0,56,43,0,0,0,0,0,0,0,0,0,0,30,0,0,0,0,0,0,1,0,1,0,33,0,0,3,0,0,0,0,0,0,]
0|[24,14,30,20,28,39,8,20,14,5,28,24,18,47,19,20,4,14,35,9,35,15,45,17,41,15,6,9,41,41,42,31,48,35,26,41,9,23,21,38,6,14,22,6,9,29,32,37,0,0,]|[-1,-1,-1,-1,-1,-1,8,-1,-1,5,-1,-1,-1,-1,-1,-1,4,-1,-1,9,-1,-1,-1,-1,-1,-1,-1,-1,-1,9,-1,-1,-1,-1,-1,-1,-1,-1,-1,-1,6,-1,-1,-1,-1,-1,-1,-1,-1,-1,]|[0,0,0,0,0,0,50,0,0,33,0,0,0,0,0,0,40,0,0,39,0,0,0,0,0,0,0,0,0,2,0,0,0,0,0,0,0,0,0,0,4,0,0,0,0,0,0,0,0,0,]
0|[44,30,39,29,33,5,48,25,31,43,42,5,17,32,19,38,7,0,19,2,17,27,28,2,45,9,11,4,2,45,42,21,0,20,6,36,38,27,46,49,4,11,16,40,27,27,5,26,13,3,]|[-1,-1,-1,-1,-1,5,-1,-1,-1,-1,-1,5,-1,-1,-1,-1,7,0,-1,2,-1,-1,-1,2,-1,9,-1,4,2,-1,-1,-1,0,-1,6,-1,-1,-1,-1,-1,4,-1,-1,-1,-1,-1,5,-1,-1,3,]|[0,0,0,0,0,38,0,0,0,0,0,45,0,0,0,0,49,38,0,38,0,0,0,38,0,26,0,31,30,0,0,0,35,0,38,0,0,0,0,0,39,0,0,0,0,0,32,0,0,53,]
0|[11,9,22,49,5,44,44,32,36,4,2,36,27,2,25,44,36,5,32,8,31,13,23,27,48,32,28,39,47,30,34,16,45,8,36,0,39,33,2,0,49,44,49,3,28,42,23,33,20,4,]|[-1,9,-1,-1,5,-1,-1,-1,-1,4,2,-1,-1,2,-1,-1,-1,5,-1,8,-1,-1,-1,-1,-1,9,-1,4,-1,-1,-1,-1,-1,8,6,0,-1,-1,2,0,4,-1,-1,3,-1,-1,-1,-1,-1,4,]|[0,34,0,0,42,0,0,0,0,47,50,0,0,43,0,0,0,51,0,47,0,0,0,0,0,1,0,4,0,0,0,0,0,41,1,35,0,0,42,36,2,0,0,42,0,0,0,0,0,36,]
0|[4,0,17,31,12,6,22,26,32,20,20,46,32,19,28,39,23,39,18,36,15,30,33,49,23,34,32,28,32,41,21,22,17,30,2,8,20,23,22,36,23,27,13,47,27,2,32,30,24,40,]|[4,0,-1,-1,-1,6,-1,-1,-1,-1,-1,-1,-1,-1,-1,-1,-1,-1,-1,-1,-1,-1,-1,-1,-1,-1,-1,-1,-1,-1,-1,-1,-1,8,-1,0,-1,-1,2,0,-1,-1,-1,3,-1,-1,-1,-1,-1,4,]|[36,29,0,0,0,43,0,0,0,0,0,0,0,0,0,0,0,0,0,0,0,0,0,0,0,0,0,0,0,0,0,0,0,3,0,1,0,0,4,5,0,0,0,2,0,0,0,0,0,2,]
0|[37,10,49,44,16,16,34,10,28,41,15,47,4,11,24,1,10,21,3,40,33,49,9,8,39,10,0,3,40,33,34,24,6,36,13,31,42,29,32,17,4,18,1,13,40,6,35,5,6,22,]|[-1,-1,-1,-1,-1,-1,-1,-1,-1,-1,-1,-1,4,-1,-1,1,-1,-1,3,-1,-1,-1,9,8,-1,-1,0,3,-1,-1,-1,-1,6,-1,-1,-1,-1,-1,-1,-1,4,-1,1,-1,-1,6,-1,5,6,-1,]|[0,0,0,0,0,0,0,0,0,0,0,0,46,0,0,44,0,0,50,0,0,0,31,40,0,0,32,30,0,0,0,0,28,0,0,0,0,0,0,0,31,0,39,0,0,46,0,31,37,0,]
0|[41,29,31,0,43,16,4,31,48,28,38,0,6,33,32,17,27,36,43,4,22,5,19,46,27,1,37,15,8,10,8,26,3,34,6,3,1,24,30,23,22,1,25,12,0,7,48,44,45,45,]|[-1,-1,-1,0,-1,-1,4,-1,-1,-1,-1,0,6,-1,-1,-1,-1,-1,-1,4,-1,5,-1,-1,-1,1,0,3,8,-1,8,-1,3,-1,6,3,1,-1,-1,-1,4,1,1,-1,0,7,-1,5,6,-1,]|[0,0,0,40,0,0,62,0,0,0,0,54,44,0,0,0,0,0,0,51,0,52,0,0,0,28,5,3,40,0,23,0,34,0,33,24,26,0,0,0,2,40,10,0,35,36,0,7,10,0,]
0|[15,38,13,46,9,0,2,30,44,32,44,8,12,29,31,47,21,32,32,38,34,42,17,43,9,42,26,22,30,37,25,29,33,22,43,9,11,2,48,8,16,5,37,34,38,11,10,8,16,18,]|[-1,-1,-1,-1,9,0,2,-1,-1,-1,-1,8,-1,-1,-1,-1,-1,-1,-1,-1,-1,-1,-1,-1,9,1,-1,-1,8,-1,8,-1,3,-1,6,3,1,2,-1,8,-1,5,-1,-1,-1,7,-1,8,-1,-1,]|[0,0,0,0,56,48,56,0,0,0,0,45,0,0,0,0,0,0,0,0,0,0,0,0,47,1,0,0,4,0,6,0,4,0,2,2,9,4,0,6,0,5,0,0,0,5,0,4,0,0,]
0|[23,35,48,41,15,5,29,38,0,14,31,9,43,43,10,46,12,22,21,7,3,19,16,5,1,22,45,1,6,38,48,34,44,33,20,9,34,14,4,3,10,40,5,45,26,29,18,36,21,8,]|[-1,-1,-1,-1,9,5,-1,-1,0,-1,-1,9,-1,-1,-1,-1,-1,-1,-1,7,3,-1,-1,5,1,-1,-1,1,6,-1,-1,-1,-1,-1,-1,9,-1,2,4,3,-1,-1,5,-1,-1,-1,-1,8,-1,8,]|[0,0,0,0,1,48,0,0,41,0,0,36,0,0,0,0,0,0,0,41,44,0,0,47,52,0,0,37,38,0,0,0,0,0,0,35,0,2,48,33,0,0,31,0,0,0,0,4,0,49,]
0|[47,36,15,40,46,31,7,2,19,1,39,35,36,1,19,5,39,39,34,25,10,21,42,10,40,3,40,42,14,42,44,11,2,8,10,21,15,11,11,9,1,13,35,48,17,1,43,37,45,43,]|[-1,-1,-1,-1,-1,-1,7,2,-1,1,-1,-1,-1,1,-1,5,-1,-1,-1,-1,-1,-1,-1,-1,-1,3,-1,1,6,-1,-1,-1,2,8,-1,9,-1,-1,4,9,1,-1,5,-1,-1,1,-1,-1,-1,8,]|[0,0,0,0,0,0,43,45,0,48,0,0,0,44,0,50,0,0,0,0,0,0,0,0,0,21,0,2,2,0,0,0,11,6,0,5,0,0,3,27,11,0,3,0,0,5,0,0,0,2,]
0|[39,24,34,0,41,34,15,49,14,1,18,5,10,36,5,2,42,0,40,26,26,2,1,28,23,11,41,8,20,34,37,13,20,21,28,34,6,20,21,41,39,1,49,48,26,48,38,4,19,8,]|[-1,-1,-1,0,-1,-1,-1,-1,-1,1,-1,5,-1,-1,5,2,-1,0,-1,-1,-1,2,1,-1,-1,3,-1,8,-1,-1,-1,-1,2,8,-1,-1,6,-1,-1,9,1,1,-1,-1,-1,1,-1,4,-1,8,]|[0,0,0,47,0,0,0,0,0,45,0,56,0,0,48,42,0,46,0,0,0,44,37,0,0,1,0,42,0,0,0,0,5,7,0,0,45,0,0,4,5,31,0,0,0,4,0,45,0,29,]
0|[22,35,2,31,12,31,27,9,3,39,43,17,32,46,6,2,32,42,27,27,14,34,8,8,8,26,1,42,4,41,4,10,39,4,49,38,10,8,18,37,37,13,48,48,30,20,47,30,32,45,]|[-1,-1,2,-1,-1,-1,-1,9,3,-1,-1,-1,-1,-1,6,2,-1,-1,-1,-1,-1,-1,8,8,8,-1,1,8,4,-1,4,-1,-1,4,-1,-1,6,8,-1,-1,-1,1,-1,-1,-1,-1,-1,4,-1,8,]|[0,0,44,0,0,0,0,52,54,0,0,0,0,0,38,50,0,0,0,0,0,0,60,47,45,0,43,1,46,0,46,0,0,44,0,0,4,38,0,0,0,3,0,0,0,0,0,3,0,6,]
0|[37,48,48,37,45,17,33,6,10,39,20,4,22,43,37,4,46,32,48,31,29,32,13,24,20,44,32,28,0,48,2,34,11,22,15,23,25,47,43,19,48,49,33,48,26,30,35,48,18,36,]|[-1,-1,-1,-1,-1,-1,-1,6,-1,-1,-1,4,-1,-1,-1,4,-1,-1,-1,-1,-1,-1,-1,-1,-1,-1,1,-1,4,-1,4,-1,-1,4,-1,-1,-1,8,-1,-1,-1,-1,-1,-1,-1,-1,-1,-1,-1,-1,]|[0,0,0,0,0,0,0,35,0,0,0,62,0,0,0,41,0,0,0,0,0,0,0,0,0,0,2,0,5,0,4,0,0,1,0,0,0,5,0,0,0,0,0,0,0,0,0,0,0,0,]
0|[22,25,22,41,33,0,23,16,29,38,11,13,34,43,24,19,3,5,13,7,39,27,41,37,40,32,10,26,47,48,37,24,42,27,38,7,34,41,13,39,23,6,49,18,35,17,32,0,40,13,]|[-1,-1,-1,-1,-1,0,-1,-1,-1,-1,-1,-1,-1,-1,-1,-1,3,5,-1,7,-1,-1,-1,-1,-1,-1,-1,-1,-1,-1,-1,-1,-1,-1,-1,-1,-1,-1,-1,-1,-1,-1,-1,-1,-1,-1,-1,-1,-1,-1,]|[0,0,0,0,0,41,0,0,0,0,0,0,0,0,0,0,38,33,0,46,0,0,0,0,0,0,0,0,0,0,0,0,0,0,0,0,0,0,0,0,0,0,0,0,0,0,0,0,0,0,]
0|[15,14,31,13,43,36,18,20,35,31,16,33,4,30,6,33,41,5,46,45,11,18,25,32,8,32,11,35,40,4,38,13,11,13,31,44,8,2,40,32,46,43,26,9,26,13,29,24,16,5,]|[-1,-1,-1,-1,-1,-1,-1,-1,-1,-1,-1,-1,4,-1,6,-1,-1,5,-1,-1,-1,-1,-1,-1,8,-1,-1,-1,-1,-1,-1,-1,-1,-1,-1,-1,-1,-1,-1,-1,-1,-1,-1,-1,-1,-1,-1,-1,-1,-1,]|[0,0,0,0,0,0,0,0,0,0,0,0,37,0,48,0,0,51,0,0,0,0,0,0,42,0,0,0,0,0,0,0,0,0,0,0,0,0,0,0,0,0,0,0,0,0,0,0,0,0,]
0|[37,24,33,44,36,47,11,8,42,7,26,35,8,2,19,32,8,48,12,2,43,47,45,29,28,48,29,4,30,8,26,19,20,41,31,13,27,6,23,6,34,17,46,43,3,30,1,9,3,38,]|[-1,-1,-1,-1,-1,-1,-1,8,-1,7,-1,-1,8,2,-1,-1,8,-1,-1,2,-1,-1,-1,-1,-1,-1,-1,4,-1,8,-1,-1,-1,-1,-1,-1,-1,6,-1,6,-1,-1,-1,-1,3,-1,1,9,3,-1,]|[0,0,0,0,0,0,0,45,0,44,0,0,47,45,0,0,57,0,0,46,0,0,0,0,0,0,0,39,0,42,0,0,0,0,0,0,0,45,0,49,0,0,0,0,38,0,50,44,36,0,]
0|[47,36,16,10,9,14,34,17,0,8,4,28,39,8,38,49,3,11,25,29,4,10,6,23,14,35,5,43,39,28,9,44,7,3,39,37,32,1,30,27,0,36,23,36,21,17,1,14,46,29,]|[-1,-1,-1,-1,9,-1,-1,-1,0,8,4,-1,-1,8,-1,-1,3,-1,-1,-1,4,-1,6,-1,-1,-1,5,4,-1,8,9,-1,7,3,-1,-1,-1,1,-1,6,0,-1,-1,-1,3,-1,1,9,3,-1,]|[0,0,0,0,53,0,0,0,39,49,50,0,0,52,0,0,56,0,0,0,42,0,60,0,0,0,37,1,0,1,38,0,54,35,0,0,0,48,0,3,37,0,0,0,5,0,46,3,3,0,]
0|[12,27,4,29,38,9,11,21,25,14,4,22,30,42,17,21,10,22,23,23,36,31,1,0,9,11,10,10,7,15,24,25,1,22,43,34,0,15,17,32,19,45,1,26,2,48,24,29,11,26,]|[-1,-1,4,-1,-1,9,-1,-1,-1,-1,4,-1,-1,-1,-1,-1,-1,-1,-1,-1,-1,-1,1,0,9,-1,5,-1,7,-1,9,-1,7,3,-1,-1,0,1,-1,-1,0,-1,1,-1,-1,-1,1,-1,-1,-1,]|[0,0,33,0,0,45,0,0,0,0,57,0,0,0,0,0,0,0,0,0,0,0,45,46,51,0,7,0,7,0,6,0,2,5,0,0,8,7,0,0,4,0,28,0,0,0,2,0,0,0,]
0|[32,19,48,30,10,26,46,17,46,48,27,4,11,36,40,42,20,42,30,13,46,18,32,43,49,25,35,7,33,42,46,10,47,47,30,16,9,37,4,14,5,48,13,43,45,25,26,11,22,34,]|[-1,-1,-1,-1,-1,-1,-1,-1,-1,-1,-1,4,-1,-1,-1,-1,-1,-1,-1,-1,-1,-1,-1,-1,-1,-1,-1,-1,-1,-1,-1,-1,-1,-1,-1,-1,-1,-1,-1,-1,-1,-1,1,-1,-1,-1,-1,-1,-1,-1,]|[0,0,0,0,0,0,0,0,0,0,0,42,0,0,0,0,0,0,0,0,0,0,0,0,0,0,0,0,0,0,0,0,0,0,0,0,0,0,0,0,0,0,1,0,0,0,0,0,0,0,]
0|[19,10,26,27,9,10,14,18,31,44,4,33,15,36,44,22,42,34,22,26,28,17,28,42,22,38,17,16,48,6,29,44,40,41,16,26,20,34,34,21,33,32,2,43,5,7,46,1,3,19,]|[-1,-1,-1,-1,9,-1,-1,-1,-1,-1,4,-1,-1,-1,-1,-1,-1,-1,-1,-1,-1,-1,-1,-1,-1,-1,-1,-1,-1,-1,-1,-1,-1,-1,-1,-1,-1,-1,-1,-1,-1,-1,-1,-1,-1,-1,-1,-1,-1,-1,]|[0,0,0,0,50,0,0,0,0,0,57,0,0,0,0,0,0,0,0,0,0,0,0,0,0,0,0,0,0,0,0,0,0,0,0,0,0,0,0,0,0,0,0,0,0,0,0,0,0,0,]
0|[41,4,16,19,9,5,12,9,20,37,28,33,42,0,21,11,32,23,29,21,23,1,11,2,42,5,26,23,31,33,46,31,41,12,21,45,19,11,4,13,4,3,11,7,7,34,6,24,7,26,]|[-1,4,-1,-1,9,5,-1,9,-1,-1,-1,-1,-1,0,-1,-1,-1,-1,-1,-1,-1,1,-1,2,-1,5,-1,-1,-1,-1,-1,-1,-1,-1,-1,-1,-1,-1,4,-1,4,3,-1,7,7,-1,6,-1,7,-1,]|[0,45,0,0,59,48,0,61,0,0,0,0,0,53,0,0,0,0,0,0,0,34,0,43,0,43,0,0,0,0,0,0,0,0,0,0,0,0,53,0,40,47,0,32,47,0,41,0,39,0,]
0|[4,7,49,49,1,0,41,33,35,18,4,39,8,15,30,38,17,44,35,26,31,3,20,41,13,14,46,35,13,40,44,29,24,41,7,6,5,19,31,45,25,18,15,7,14,42,27,16,31,31,]|[4,7,-1,-1,1,0,-1,-1,-1,-1,4,-1,8,-1,-1,-1,-1,-1,-1,-1,-1,3,-1,-1,-1,5,-1,-1,-1,-1,-1,-1,-1,-1,7,6,5,-1,-1,-1,4,3,-1,7,7,-1,6,-1,7,-1,]|[44,45,0,0,38,51,0,0,0,0,49,0,52,0,0,0,0,0,0,0,0,49,0,0,0,2,0,0,0,0,0,0,0,0,30,30,34,0,0,0,2,2,0,34,5,0,5,0,1,0,]
0|[16,5,6,17,40,28,39,48,46,39,17,4,47,36,6,33,40,20,17,17,23,49,43,23,4,26,47,27,21,0,16,47,1,23,16,49,12,6,36,20,15,44,11,14,49,28,43,31,24,27,]|[-1,5,6,-1,-1,-1,-1,-1,-1,-1,-1,4,-1,-1,6,-1,-1,-1,-1,-1,-1,-1,-1,-1,4,-1,-1,-1,-1,0,-1,-1,1,-1,7,-1,5,6,-1,-1,-1,-1,-1,7,-1,-1,-1,-1,-1,-1,]|[0,46,51,0,0,0,0,0,0,0,0,59,0,0,58,0,0,0,0,0,0,0,0,0,56,0,0,0,0,19,0,0,1,0,1,0,4,14,0,0,0,0,0,4,0,0,0,0,0,0,]
0|[36,39,4,45,25,19,44,3,45,45,37,44,19,28,15,5,35,4,3,10,45,47,23,30,29,27,35,14,34,10,21,31,35,47,36,40,4,11,13,48,45,49,42,43,36,39,24,20,6,18,]|[-1,-1,4,-1,-1,-1,-1,3,-1,-1,-1,-1,-1,-1,-1,5,-1,4,3,-1,-1,-1,-1,-1,-1,-1,-1,-1,-1,-1,-1,-1,-1,-1,-1,-1,-1,-1,-1,-1,-1,-1,-1,-1,-1,-1,-1,-1,-1,-1,]|[0,0,60,0,0,0,0,49,0,0,0,0,0,0,0,44,0,43,38,0,0,0,0,0,0,0,0,0,0,0,0,0,0,0,0,0,0,0,0,0,0,0,0,0,0,0,0,0,0,0,]
0|[36,13,42,47,19,46,33,2,21,31,13,21,42,11,14,35,44,16,33,16,20,13,33,6,20,16,13,29,5,24,33,27,10,29,22,38,33,12,17,22,30,9,31,48,16,41,32,36,44,31,]|[-1,-1,-1,-1,-1,-1,-1,2,-1,-1,-1,-1,-1,-1,-1,-1,-1,-1,-1,-1,-1,-1,-1,6,-1,-1,-1,-1,-1,-1,-1,-1,-1,-1,-1,-1,-1,-1,-1,-1,-1,-1,-1,-1,-1,-1,-1,-1,-1,-1,]|[0,0,0,0,0,0,0,49,0,0,0,0,0,0,0,0,0,0,0,0,0,0,0,55,0,0,0,0,0,0,0,0,0,0,0,0,0,0,0,0,0,0,0,0,0,0,0,0,0,0,]
0|[2,21,34,35,0,32,47,9,12,34,29,13,40,0,14,31,38,40,29,28,19,17,25,6,2,6,10,11,40,30,4,40,35,2,42,47,47,22,17,23,8,20,13,10,48,3,46,28,36,37,]|[2,-1,-1,-1,0,-1,-1,9,-1,-1,-1,-1,-1,0,-1,-1,-1,-1,-1,-1,-1,-1,-1,6,2,6,-1,-1,-1,-1,4,-1,-1,2,-1,-1,-1,-1,-1,-1,8,-1,-1,-1,-1,3,-1,-1,-1,-1,]|[41,0,0,0,53,0,0,54,0,0,0,0,0,45,0,0,0,0,0,0,0,0,0,51,56,56,0,0,0,0,45,0,0,40,0,0,0,0,0,0,47,0,0,0,0,45,0,0,0,0,]
0|[23,22,48,21,45,41,3,6,11,40,4,49,49,7,36,42,16,42,49,26,29,37,29,49,23,43,3,27,21,33,7,27,16,3,2,45,49,26,29,26,30,9,0,13,49,12,38,18,45,23,]|[-1,-1,-1,-1,-1,-1,3,6,-1,-1,4,-1,-1,7,-1,-1,-1,-1,-1,-1,-1,-1,-1,-1,-1,6,3,-1,-1,-1,7,-1,-1,3,2,-1,-1,-1,-1,-1,8,9,0,-1,-1,3,-1,-1,-1,-1,]|[0,0,0,0,0,0,48,35,0,0,47,0,0,51,0,0,0,0,0,0,0,0,0,0,0,1,31,0,0,0,24,0,0,41,28,0,0,0,0,0,6,25,25,0,0,7,0,0,0,0,]
0|[30,25,42,29,34,23,34,24,17,45,49,37,34,21,37,28,1,46,40,18,6,12,10,19,4,41,32,38,16,14,17,32,45,43,25,1,27,42,32,1,40,43,6,39,26,9,5,26,0,0,]|[-1,-1,-1,-1,-1,-1,-1,6,-1,-1,-1,-1,-1,-1,-1,-1,1,-1,-1,-1,6,-1,-1,-1,4,-1,3,-1,-1,-1,7,-1,-1,3,2,-1,-1,-1,-1,-1,-1,9,0,-1,-1,-1,-1,-1,-1,-1,]|[0,0,0,0,0,0,0,1,0,0,0,0,0,0,0,0,34,0,0,0,44,0,0,0,48,0,3,0,0,0,3,0,0,3,1,0,0,0,0,0,0,8,1,0,0,0,0,0,0,0,]
0|[3,27,45,5,8,24,44,17,32,21,40,38,12,30,33,15,36,17,33,27,43,37,32,15,28,6,47,39,28,43,0,44,48,22,30,25,23,39,31,11,40,19,30,39,22,19,21,33,24,40,]|[3,-1,-1,5,8,-1,-1,-1,-1,-1,-1,-1,-1,-1,-1,-1,-1,-1,-1,-1,-1,-1,-1,-1,-1,-1,-1,-1,-1,-1,-1,-1,-1,-1,-1,-1,-1,-1,-1,-1,-1,-1,-1,-1,-1,-1,-1,-1,-1,-1,]|[48,0,0,39,50,0,0,0,0,0,0,0,0,0,0,0,0,0,0,0,0,0,0,0,0,0,0,0,0,0,0,0,0,0,0,0,0,0,0,0,0,0,0,0,0,0,0,0,0,0,]
0|[9,26,1,0,45,31,46,16,43,21,37,24,40,25,49,9,21,46,46,43,1,7,18,8,29,0,18,9,20,19,33,2,46,6,10,10,36,39,4,8,24,23,10,10,35,6,20,16,3,3,]|[9,-1,1,0,-1,-1,-1,-1,-1,-1,-1,-1,-1,-1,-1,9,-1,-1,-1,-1,1,7,-1,8,-1,0,-1,9,-1,-1,-1,2,-1,6,-1,-1,-1,-1,4,8,-1,-1,-1,-1,-1,6,-1,-1,3,3,]|[46,0,46,47,0,0,0,0,0,0,0,0,0,0,0,42,0,0,0,0,45,41,0,43,0,41,0,40,0,0,0,42,0,46,0,0,0,0,30,38,0,0,0,0,0,37,0,0,42,40,]
0|[7,23,29,44,43,26,7,29,0,18,4,28,46,7,13,47,46,34,37,47,39,17,26,5,8,12,23,13,46,35,22,31,38,28,42,0,36,44,20,1,42,21,21,36,21,47,41,19,34,36,]|[7,-1,-1,-1,-1,-1,7,-1,0,-1,4,-1,-1,7,-1,-1,-1,-1,-1,-1,-1,-1,-1,5,8,0,-1,-1,-1,-1,-1,2,-1,6,-1,0,-1,-1,4,1,-1,-1,-1,-1,-1,6,-1,-1,3,3,]|[51,0,0,0,0,0,55,0,50,0,36,0,0,59,0,0,0,0,0,0,0,0,0,34,40,6,0,0,0,0,0,4,0,4,0,33,0,0,5,33,0,0,0,0,0,5,0,0,1,2,]
0|[7,3,24,4,42,11,13,39,5,39,48,10,15,5,3,17,8,37,8,7,6,31,12,29,39,34,39,22,20,37,15,31,0,40,25,5,35,26,29,24,24,28,5,14,2,39,26,0,32,46,]|[7,3,-1,4,-1,-1,-1,-1,5,-1,-1,-1,-1,5,3,-1,8,-1,8,7,6,-1,-1,-1,-1,-1,-1,-1,-1,-1,-1,-1,0,-1,-1,5,-1,-1,-1,1,-1,-1,5,-1,2,-1,-1,0,-1,-1,]|[54,43,0,44,0,0,0,0,36,0,0,0,0,49,35,0,49,0,43,33,37,0,0,0,0,0,0,0,0,0,0,0,41,0,0,47,0,0,0,1,0,0,39,0,35,0,0,32,0,0,]
0|[6,19,6,9,12,27,1,17,45,22,48,31,24,33,44,38,40,32,44,15,31,5,2,30,18,36,35,21,47,0,47,11,24,45,2,11,14,13,17,5,12,11,46,8,45,10,16,43,43,18,]|[6,-1,6,9,-1,-1,1,-1,-1,-1,-1,-1,-1,-1,-1,-1,-1,-1,-1,-1,-1,5,2,-1,-1,-1,-1,-1,-1,0,-1,-1,0,-1,2,5,-1,-1,-1,5,-1,-1,5,8,2,-1,-1,0,-1,-1,]|[41,0,45,48,0,0,45,0,0,0,0,0,0,0,0,0,0,0,0,0,0,34,53,0,0,0,0,0,0,36,0,0,9,0,46,7,0,0,0,23,0,0,8,23,7,0,0,4,0,0,]
0|[5,6,38,17,15,48,15,37,7,5,5,22,35,24,41,19,49,13,3,13,12,4,44,16,46,16,39,20,29,35,36,28,24,33,38,0,3,41,18,49,6,11,36,43,7,20,10,14,14,14,]|[5,6,-1,-1,-1,-1,-1,-1,7,5,5,-1,-1,-1,-1,-1,-1,-1,3,-1,-1,4,-1,-1,-1,-1,-1,-1,-1,0,-1,-1,-1,-1,-1,0,3,-1,-1,-1,6,-1,-1,-1,7,-1,-1,-1,-1,-1,]|[46,44,0,0,0,0,0,0,56,40,54,0,0,0,0,0,0,0,43,0,0,49,0,0,0,0,0,0,0,2,0,0,0,0,0,42,69,0,0,0,36,0,0,0,44,0,0,0,0,0,]
0|[13,8,7,3,44,34,32,9,47,37,40,7,33,10,48,46,47,38,10,20,5,34,49,33,26,1,13,45,49,3,3,20,6,22,16,1,41,4,4,32,18,36,23,25,9,14,11,26,43,42,]|[-1,8,7,3,-1,-1,-1,9,-1,-1,-1,7,-1,-1,-1,-1,-1,-1,-1,-1,5,-1,-1,-1,-1,1,-1,-1,-1,3,3,-1,6,-1,-1,1,3,4,4,-1,6,-1,-1,-1,9,-1,-1,-1,-1,-1,]|[0,42,39,33,0,0,0,58,0,0,0,48,0,0,0,0,0,0,0,0,50,0,0,0,0,38,0,0,0,35,46,0,61,0,0,43,3,43,45,0,3,0,0,0,43,0,0,0,0,0,]
0|[10,25,34,7,36,13,12,22,28,42,5,33,14,3,9,38,23,46,23,32,48,6,10,44,1,29,6,15,23,46,26,32,26,39,31,20,18,35,5,40,15,25,29,36,15,40,7,28,11,6,]|[-1,-1,-1,7,-1,-1,-1,-1,-1,-1,5,-1,-1,3,9,-1,-1,-1,-1,-1,-1,6,-1,-1,1,1,6,-1,-1,3,-1,-1,6,-1,-1,1,-1,4,5,-1,-1,-1,-1,-1,9,-1,7,-1,-1,6,]|[0,0,0,59,0,0,0,0,0,0,43,0,0,47,48,0,0,0,0,0,0,38,0,0,43,13,49,0,0,6,0,0,7,0,0,5,0,3,37,0,0,0,0,0,4,0,32,0,0,40,]
0|[22,19,23,18,1,43,12,19,36,1,6,34,2,40,4,6,27,32,17,11,6,8,2,9,8,21,37,28,35,0,32,46,24,0,30,3,14,13,17,41,33,41,45,34,38,45,14,4,26,43,]|[-1,-1,-1,-1,1,-1,-1,-1,-1,1,6,-1,2,-1,4,6,-1,-1,-1,-1,6,8,2,9,8,-1,6,-1,-1,0,-1,-1,-1,0,-1,3,-1,-1,5,-1,-1,-1,-1,-1,-1,-1,7,4,-1,-1,]|[0,0,0,0,45,0,0,0,0,49,41,0,35,0,42,55,0,0,0,0,47,47,53,43,45,0,3,0,0,44,0,0,0,52,0,43,0,0,1,0,0,0,0,0,0,0,2,56,0,0,]
0|[7,5,40,4,49,40,36,28,17,11,1,20,48,4,15,19,23,7,17,14,36,17,33,29,40,4,30,49,19,35,31,46,13,28,1,29,2,45,24,45,4,11,22,9,12,3,10,1,33,38,]|[7,5,-1,4,-1,-1,-1,-1,-1,-1,1,-1,-1,4,-1,-1,-1,7,-1,-1,-1,-1,-1,-1,-1,4,-1,-1,-1,0,-1,-1,-1,0,1,3,2,-1,-1,-1,4,-1,-1,9,-1,3,-1,1,-1,-1,]|[44,50,0,47,0,0,0,0,0,0,54,0,0,47,0,0,0,46,0,0,0,0,0,0,0,40,0,0,0,5,0,0,0,3,37,7,44,0,0,0,45,0,0,41,0,41,0,44,0,0,]
0|[47,38,10,7,1,47,45,44,36,40,14,21,11,27,47,26,13,44,0,22,11,30,49,31,0,34,22,22,10,14,11,6,41,8,43,45,21,13,49,13,37,13,33,1,45,48,13,25,13,31,]|[-1,-1,-1,7,1,-1,-1,-1,-1,-1,-1,-1,-1,-1,-1,-1,-1,-1,0,-1,-1,-1,-1,-1,0,4,-1,-1,-1,-1,-1,6,-1,-1,1,-1,-1,-1,-1,-1,4,-1,-1,1,-1,3,-1,1,-1,-1,]|[0,0,0,56,46,0,0,0,0,0,0,0,0,0,0,0,0,0,42,0,0,0,0,0,44,1,0,0,0,0,0,4,0,0,4,0,0,0,0,0,7,0,0,11,0,3,0,5,0,0,]
0|[11,40,41,30,42,12,41,23,37,26,25,10,18,20,37,32,10,7,35,4,22,14,17,25,10,43,42,25,21,30,38,6,39,39,26,31,40,3,22,0,24,8,11,39,1,45,7,40,42,5,]|[-1,-1,-1,-1,-1,-1,-1,-1,-1,-1,-1,-1,-1,-1,-1,-1,-1,7,-1,4,-1,-1,-1,-1,-1,-1,-1,-1,-1,-1,-1,6,-1,-1,-1,-1,-1,-1,-1,-1,-1,-1,-1,-1,-1,-1,-1,-1,-1,-1,]|[0,0,0,0,0,0,0,0,0,0,0,0,0,0,0,0,0,51,0,60,0,0,0,0,0,0,0,0,0,0,0,1,0,0,0,0,0,0,0,0,0,0,0,0,0,0,0,0,0,0,]
0|[0,3,1,43,25,17,6,49,16,16,48,41,32,12,42,0,5,5,11,0,6,44,4,43,12,35,11,36,29,46,11,24,36,1,2,45,3,14,35,27,32,17,16,27,49,16,31,22,10,35,]|[0,3,1,-1,-1,-1,6,-1,-1,-1,-1,-1,-1,-1,-1,0,5,5,-1,0,6,-1,4,-1,-1,-1,-1,-1,-1,-1,-1,-1,-1,1,2,-1,3,-1,-1,-1,-1,-1,-1,-1,-1,-1,-1,-1,-1,-1,]|[46,45,48,0,0,0,37,0,0,0,0,0,0,0,0,45,41,38,0,37,52,0,47,0,0,0,0,0,0,0,0,0,0,32,34,0,43,0,0,0,0,0,0,0,0,0,0,0,0,0,]
0|[33,41,40,32,44,0,26,32,29,14,33,32,11,24,18,26,20,9,26,44,42,10,36,17,15,12,1,47,29,32,10,49,3,25,36,42,22,34,3,25,43,45,27,49,34,7,31,44,33,21,]|[-1,-1,-1,-1,-1,0,-1,-1,-1,-1,-1,-1,-1,-1,-1,-1,-1,9,-1,-1,-1,-1,-1,-1,-1,-1,-1,-1,-1,-1,-1,-1,-1,1,2,-1,3,-1,-1,-1,-1,-1,-1,-1,-1,-1,-1,-1,-1,-1,]|[0,0,0,0,0,37,0,0,0,0,0,0,0,0,0,0,0,42,0,0,0,0,0,0,0,0,0,0,0,0,0,0,0,1,1,0,2,0,0,0,0,0,0,0,0,0,0,0,0,0,]
0|[49,36,27,14,49,5,19,34,11,23,12,34,3,25,36,37,27,16,7,35,37,12,15,42,23,49,45,15,33,14,12,49,25,40,20,16,2,43,24,15,39,1,23,20,39,17,32,0,43,20,]|[-1,-1,-1,-1,-1,5,-1,-1,-1,-1,-1,-1,3,-1,-1,-1,-1,-1,7,-1,-1,-1,-1,-1,-1,-1,-1,-1,-1,-1,-1,-1,-1,-1,-1,-1,-1,-1,-1,-1,-1,1,-1,-1,-1,-1,-1,0,-1,-1,]|[0,0,0,0,0,57,0,0,0,0,0,0,57,0,0,0,0,0,54,0,0,0,0,0,0,0,0,0,0,0,0,0,0,0,0,0,0,0,0,0,0,7,0,0,0,0,0,7,0,0,]
0|[10,16,32,47,9,14,24,23,6,44,27,26,48,22,43,49,43,34,49,20,47,45,21,44,18,34,40,19,5,33,44,21,26,15,9,35,19,6,38,11,5,20,23,37,14,16,12,0,19,22,]|[-1,-1,-1,-1,9,-1,-1,-1,6,-1,-1,-1,-1,-1,-1,-1,-1,-1,-1,-1,-1,-1,-1,-1,-1,-1,-1,-1,-1,-1,-1,-1,-1,-1,-1,-1,-1,-1,-1,-1,-1,1,-1,-1,-1,-1,-1,0,-1,-1,]|[0,0,0,0,43,0,0,0,40,0,0,0,0,0,0,0,0,0,0,0,0,0,0,0,0,0,0,0,0,0,0,0,0,0,0,0,0,0,0,0,0,2,0,0,0,0,0,1,0,0,]
0|[30,6,9,29,17,32,17,45,2,15,2,5,43,18,7,35,16,36,23,28,27,22,20,22,23,40,18,3,22,29,43,26,39,26,14,17,42,42,28,42,33,44,49,7,33,39,4,21,26,0,]|[-1,6,9,-1,-1,-1,-1,-1,2,-1,2,5,-1,-1,7,-1,-1,-1,-1,-1,-1,-1,-1,-1,-1,-1,-1,3,-1,-1,-1,-1,-1,-1,-1,-1,-1,-1,-1,-1,-1,-1,-1,7,-1,-1,4,-1,-1,0,]|[0,47,43,0,0,0,0,0,46,0,51,38,0,0,48,0,0,0,0,0,0,0,0,0,0,0,0,37,0,0,0,0,0,0,0,0,0,0,0,0,0,0,0,34,0,0,29,0,0,47,]
0|[36,5,30,40,45,6,25,45,0,8,21,26,27,11,7,36,22,21,32,44,0,35,16,1,28,29,45,40,27,13,48,28,21,47,13,37,11,6,6,11,17,45,2,41,19,31,11,15,30,9,]|[-1,5,-1,-1,-1,6,-1,-1,0,8,-1,-1,-1,-1,7,-1,-1,-1,-1,-1,0,-1,-1,1,-1,-1,-1,3,-1,-1,-1,-1,-1,-1,-1,-1,-1,6,6,-1,-1,-1,2,-1,-1,-1,4,-1,-1,9,]|[0,50,0,0,0,47,0,0,43,44,0,0,0,0,47,0,0,0,0,0,51,0,0,50,0,0,0,6,0,0,0,0,0,0,0,0,0,13,37,0,0,0,37,0,0,0,1,0,0,30,]
0|[40,16,7,11,49,30,12,6,0,19,26,21,2,27,33,7,22,31,3,16,27,26,7,40,25,22,24,12,16,13,48,31,44,0,2,12,19,18,24,33,23,2,33,45,17,16,18,44,43,38,]|[-1,-1,7,-1,-1,-1,-1,6,0,-1,-1,-1,2,-1,-1,7,-1,-1,3,-1,-1,-1,7,-1,-1,-1,-1,-1,-1,-1,-1,-1,-1,0,2,-1,-1,6,6,-1,-1,2,2,-1,-1,-1,-1,-1,-1,9,]|[0,0,44,0,0,0,0,34,59,0,0,0,43,0,0,39,0,0,49,0,0,0,46,0,0,0,0,0,0,0,0,0,0,36,36,0,0,1,2,0,0,49,2,0,0,0,0,0,0,1,]
0|[31,26,25,19,33,22,39,14,14,42,5,31,0,24,12,14,32,25,2,33,15,46,31,14,15,43,7,25,13,30,48,18,23,15,5,36,16,33,48,24,1,2,22,18,34,6,40,40,34,42,]|[-1,-1,-1,-1,-1,-1,-1,-1,-1,-1,5,-1,0,-1,-1,-1,-1,-1,2,-1,-1,-1,7,-1,-1,-1,-1,-1,-1,-1,-1,-1,-1,0,2,-1,-1,-1,-1,-1,1,2,-1,-1,-1,6,-1,-1,-1,-1,]|[0,0,0,0,0,0,0,0,0,0,45,0,42,0,0,0,0,0,43,0,0,0,1,0,0,0,0,0,0,0,0,0,0,7,4,0,0,0,0,0,2,4,0,0,0,1,0,0,0,0,]
0|[23,1,39,44,33,26,5,21,21,38,35,24,26,14,3,30,22,2,36,36,10,43,35,4,42,29,28,5,44,5,43,27,48,30,3,9,44,27,0,21,0,7,46,6,34,5,4,44,43,4,]|[-1,1,-1,-1,-1,-1,5,-1,-1,-1,-1,-1,-1,-1,3,-1,-1,2,-1,-1,-1,-1,-1,4,-1,-1,7,5,-1,5,-1,-1,-1,-1,3,9,-1,-1,0,-1,0,7,-1,6,-1,5,4,-1,-1,4,]|[0,42,0,0,0,0,43,0,0,0,0,0,0,0,53,0,0,37,0,0,0,0,0,41,0,0,4,45,0,35,0,0,0,0,40,42,0,0,42,0,46,37,0,31,0,30,34,0,0,32,]
0|[24,9,31,14,33,15,40,19,42,36,27,21,24,7,1,21,38,31,35,18,24,4,17,6,24,48,48,2,27,37,12,28,6,17,11,5,24,27,29,20,29,47,48,27,30,25,14,4,37,21,]|[-1,9,-1,-1,-1,-1,-1,-1,-1,-1,-1,-1,-1,7,1,-1,-1,-1,-1,-1,-1,4,-1,6,-1,-1,-1,2,-1,5,-1,-1,6,-1,3,5,-1,-1,0,-1,0,7,-1,6,-1,5,4,4,-1,4,]|[0,40,0,0,0,0,0,0,0,0,0,0,0,52,41,0,0,0,0,0,0,48,0,44,0,0,0,28,0,4,0,0,22,0,2,31,0,0,3,0,7,7,0,3,0,4,6,23,0,8,]
0|[24,2,13,22,38,35,12,21,7,23,23,5,14,31,35,42,2,39,24,3,14,31,29,12,18,3,2,30,26,48,19,15,2,7,37,14,3,24,49,7,41,35,20,34,32,12,10,23,48,18,]|[-1,2,-1,-1,-1,-1,-1,-1,7,-1,-1,5,-1,-1,-1,-1,2,-1,-1,3,-1,-1,-1,-1,-1,-1,2,2,-1,-1,-1,-1,6,-1,-1,5,3,-1,-1,-1,-1,-1,-1,-1,-1,-1,-1,4,-1,-1,]|[0,41,0,0,0,0,0,0,37,0,0,40,0,0,0,0,40,0,0,47,0,0,0,0,0,0,9,4,0,0,0,0,3,0,0,9,3,0,0,0,0,0,0,0,0,0,0,1,0,0,]
0|[4,6,18,24,21,11,26,7,39,0,27,8,48,9,1,7,21,34,27,18,28,13,3,36,44,9,14,0,9,42,20,21,42,40,39,17,9,39,48,38,21,0,42,8,33,49,46,25,25,28,]|[4,6,-1,-1,-1,-1,-1,7,-1,0,-1,8,-1,9,1,7,-1,-1,-1,-1,-1,-1,3,-1,-1,9,-1,0,9,-1,-1,-1,-1,-1,-1,-1,9,-1,-1,-1,-1,0,-1,8,-1,-1,-1,-1,-1,-1,]|[45,53,0,0,0,0,0,56,0,57,0,49,0,45,38,46,0,0,0,0,0,0,51,0,0,52,0,41,36,0,0,0,0,0,0,0,37,0,0,0,0,36,0,50,0,0,0,0,0,0,]
0|[46,49,38,5,45,11,47,40,25,25,33,3,14,42,29,14,24,40,48,40,24,15,0,11,42,21,38,0,19,34,33,46,1,7,8,9,49,19,33,7,41,23,40,39,15,12,28,6,19,24,]|[-1,-1,-1,5,-1,-1,-1,-1,-1,-1,-1,3,-1,-1,-1,-1,-1,-1,-1,-1,-1,-1,0,-1,-1,9,-1,0,9,-1,-1,-1,-1,-1,-1,-1,9,-1,-1,7,-1,0,-1,8,-1,-1,-1,-1,-1,-1,]|[0,0,0,50,0,0,0,0,0,0,0,50,0,0,0,0,0,0,0,0,0,0,48,0,0,2,0,4,4,0,0,0,0,0,0,0,5,0,0,3,0,7,0,6,0,0,0,0,0,0,]
0|[46,45,26,46,4,10,38,16,15,27,20,3,8,16,15,39,37,43,4,43,40,0,17,39,42,15,43,8,6,8,6,40,1,14,40,47,7,13,16,41,46,6,9,48,33,28,29,31,33,36,]|[-1,-1,-1,-1,4,-1,-1,-1,-1,-1,-1,3,8,-1,-1,-1,-1,-1,4,-1,-1,0,-1,-1,-1,-1,-1,8,6,8,6,-1,1,-1,-1,-1,7,-1,-1,-1,-1,6,9,-1,-1,-1,-1,-1,-1,-1,]|[0,0,0,0,44,0,0,0,0,0,0,60,52,0,0,0,0,0,53,0,0,45,0,0,0,0,0,31,62,40,31,0,47,0,0,0,36,0,0,0,0,44,37,0,0,0,0,0,0,0,]
0|[9,32,39,15,8,7,42,18,16,29,25,9,27,37,43,44,2,20,6,30,40,19,39,29,35,41,35,3,41,22,47,44,1,45,8,37,45,31,48,19,6,34,34,32,36,47,32,37,25,18,]|[9,-1,-1,-1,8,7,-1,-1,-1,-1,-1,9,-1,-1,-1,-1,2,-1,6,-1,-1,-1,-1,-1,-1,-1,-1,3,6,8,6,-1,1,-1,8,-1,7,-1,-1,-1,6,6,9,-1,-1,-1,-1,-1,-1,-1,]|[43,0,0,0,39,46,0,0,0,0,0,48,0,0,0,0,46,0,44,0,0,0,0,0,0,0,0,28,2,5,7,0,51,0,43,0,10,0,0,0,53,2,1,0,0,0,0,0,0,0,]
0|[27,35,22,3,14,28,27,16,48,28,21,27,12,8,24,34,4,32,30,22,45,39,18,44,11,46,32,12,24,31,32,30,21,30,0,7,1,30,28,9,32,30,35,8,43,41,39,12,4,31,]|[-1,-1,-1,3,-1,-1,-1,-1,-1,-1,-1,-1,-1,8,-1,-1,4,-1,-1,-1,-1,-1,-1,-1,-1,-1,-1,-1,-1,-1,-1,-1,1,-1,8,-1,-1,-1,-1,-1,6,-1,-1,-1,-1,-1,-1,-1,-1,-1,]|[0,0,0,50,0,0,0,0,0,0,0,0,0,49,0,0,48,0,0,0,0,0,0,0,0,0,0,0,0,0,0,0,2,0,2,0,0,0,0,0,1,0,0,0,0,0,0,0,0,0,]
0|[26,17,17,12,30,11,9,49,26,47,4,42,27,0,8,22,22,32,5,38,47,38,44,21,25,9,30,47,20,26,9,42,28,42,37,24,40,30,20,36,9,1,1,38,23,18,1,44,36,23,]|[-1,-1,-1,-1,-1,-1,9,-1,-1,-1,4,-1,-1,0,8,-1,-1,-1,5,-1,-1,-1,-1,-1,-1,9,-1,-1,-1,-1,9,-1,-1,-1,-1,-1,-1,-1,-1,-1,9,1,1,-1,-1,-1,1,-1,-1,-1,]|[0,0,0,0,0,0,38,0,0,0,43,0,0,41,39,0,0,0,41,0,0,0,0,0,0,33,0,0,0,0,31,0,0,0,0,0,0,0,0,0,34,27,37,0,0,0,34,0,0,0,]
0|[35,12,45,25,49,19,29,17,16,29,29,20,45,6,49,31,23,45,7,8,22,37,15,4,34,38,33,12,28,37,0,27,23,5,24,45,5,4,6,19,30,17,20,43,8,5,6,9,30,0,]|[-1,-1,-1,-1,-1,-1,-1,-1,-1,-1,-1,-1,-1,6,-1,-1,-1,-1,7,8,-1,-1,-1,4,-1,9,-1,-1,-1,-1,0,-1,-1,5,-1,-1,5,4,6,-1,9,1,1,-1,8,5,6,9,-1,0,]|[0,0,0,0,0,0,0,0,0,0,0,0,0,49,0,0,0,0,55,57,0,0,0,48,0,4,0,0,0,0,28,0,0,42,0,0,25,46,37,0,1,2,4,0,57,41,41,45,0,36,]
0|[8,13,9,46,26,41,33,2,9,2,13,35,2,32,45,44,49,14,19,30,36,46,41,43,38,18,31,39,28,31,43,3,39,1,33,27,6,44,1,38,10,6,4,44,36,15,29,7,20,19,]|[8,-1,9,-1,-1,-1,-1,2,9,2,-1,-1,2,-1,-1,-1,-1,-1,-1,-1,-1,-1,-1,-1,-1,-1,-1,-1,-1,-1,0,3,-1,1,-1,-1,6,4,1,-1,-1,6,4,-1,8,5,6,7,-1,0,]|[41,0,46,0,0,0,0,46,44,42,0,0,53,0,0,0,0,0,0,0,0,0,0,0,0,0,0,0,0,0,7,32,0,40,0,0,40,7,40,0,0,41,36,0,6,7,4,31,0,8,]
0|[33,2,3,11,12,41,35,42,15,28,25,16,26,25,13,32,13,11,11,9,17,41,10,36,37,40,0,36,16,20,8,24,8,41,27,41,49,11,43,4,27,5,11,5,26,40,43,9,47,34,]|[-1,2,3,-1,-1,-1,-1,-1,-1,-1,-1,-1,-1,-1,-1,-1,-1,-1,-1,9,-1,-1,-1,-1,-1,-1,0,-1,-1,-1,8,3,8,1,-1,-1,6,-1,1,4,-1,5,4,5,-1,-1,-1,9,-1,-1,]|[0,45,49,0,0,0,0,0,0,0,0,0,0,0,0,0,0,0,0,47,0,0,0,0,0,0,41,0,0,0,39,12,34,3,0,0,3,0,6,50,0,35,9,53,0,0,0,48,0,0,]
0|[27,23,37,46,30,31,17,38,49,37,42,25,34,20,15,26,34,28,17,11,7,33,28,48,13,47,9,43,5,21,12,6,10,47,3,21,5,29,0,39,42,23,31,4,36,42,40,20,4,10,]|[-1,-1,-1,-1,-1,-1,-1,-1,-1,-1,-1,-1,-1,-1,-1,-1,-1,-1,-1,-1,7,-1,-1,-1,-1,-1,0,-1,-1,-1,8,-1,8,-1,-1,-1,-1,-1,-1,4,-1,5,-1,5,-1,-1,-1,9,-1,-1,]|[0,0,0,0,0,0,0,0,0,0,0,0,0,0,0,0,0,0,0,0,59,0,0,0,0,0,5,0,0,0,2,0,6,0,0,0,0,0,0,2,0,8,0,6,0,0,0,1,0,0,]
0|[34,0,44,43,27,48,47,4,10,39,38,48,32,46,27,32,15,12,23,17,46,45,30,20,35,21,35,39,36,1,18,44,40,36,22,42,40,9,18,39,13,32,7,9,13,2,1,8,9,32,]|[-1,0,-1,-1,-1,-1,-1,4,-1,-1,-1,-1,-1,-1,-1,-1,-1,-1,-1,-1,-1,-1,-1,-1,-1,-1,-1,-1,-1,-1,-1,-1,-1,-1,-1,-1,-1,-1,-1,-1,-1,-1,-1,-1,-1,-1,-1,-1,-1,-1,]|[0,38,0,0,0,0,0,48,0,0,0,0,0,0,0,0,0,0,0,0,0,0,0,0,0,0,0,0,0,0,0,0,0,0,0,0,0,0,0,0,0,0,0,0,0,0,0,0,0,0,]
0|[39,43,16,9,6,20,22,6,9,24,0,48,22,3,41,36,10,7,33,34,26,30,14,38,41,14,9,19,26,26,30,35,21,41,8,20,34,45,32,48,44,49,0,17,32,44,23,14,34,34,]|[-1,-1,-1,9,6,-1,-1,6,9,-1,0,-1,-1,3,-1,-1,-1,7,-1,-1,-1,-1,-1,-1,-1,-1,9,-1,-1,-1,-1,-1,-1,-1,8,-1,-1,-1,-1,-1,-1,-1,0,-1,-1,-1,-1,-1,-1,-1,]|[0,0,0,32,53,0,0,45,36,0,50,0,0,53,0,0,0,53,0,0,0,0,0,0,0,0,37,0,0,0,0,0,0,0,30,0,0,0,0,0,0,0,43,0,0,0,0,0,0,0,]
0|[31,45,11,30,34,39,27,30,40,16,42,36,29,8,12,14,43,27,39,6,29,37,46,0,46,32,17,32,35,21,37,29,31,47,4,16,45,22,20,19,14,5,35,33,46,42,43,8,19,6,]|[-1,-1,-1,-1,-1,-1,-1,-1,-1,-1,-1,-1,-1,8,-1,-1,-1,-1,-1,6,-1,-1,-1,0,-1,-1,9,-1,-1,-1,-1,-1,-1,-1,4,-1,-1,-1,-1,-1,-1,5,0,-1,-1,-1,-1,8,-1,6,]|[0,0,0,0,0,0,0,0,0,0,0,0,0,48,0,0,0,0,0,48,0,0,0,52,0,0,2,0,0,0,0,0,0,0,22,0,0,0,0,0,0,27,1,0,0,0,0,15,0,20,]
0|[28,3,13,11,41,47,4,10,38,42,25,7,29,32,11,44,31,10,36,10,14,45,28,23,14,35,9,26,39,17,13,5,40,28,34,47,26,0,6,11,13,13,36,6,44,17,48,33,31,40,]|[-1,3,-1,-1,-1,-1,4,-1,-1,-1,-1,7,-1,-1,-1,-1,-1,-1,-1,-1,-1,-1,-1,-1,-1,-1,-1,-1,-1,-1,-1,-1,-1,-1,4,-1,-1,-1,-1,-1,-1,5,-1,-1,-1,-1,-1,8,-1,6,]|[0,30,0,0,0,0,44,0,0,0,0,32,0,0,0,0,0,0,0,0,0,0,0,0,0,0,0,0,0,0,0,0,0,0,3,0,0,0,0,0,0,5,0,0,0,0,0,4,0,2,]
0|[1,43,21,31,18,32,42,30,6,21,22,6,21,45,0,32,26,43,16,0,38,18,26,17,32,23,8,35,12,12,23,17,14,11,9,18,45,47,16,31,15,39,23,28,35,34,26,3,41,5,]|[1,-1,-1,-1,-1,-1,-1,-1,6,-1,-1,6,-1,-1,0,-1,-1,-1,-1,0,-1,-1,-1,-1,-1,-1,8,-1,-1,-1,-1,-1,-1,-1,9,-1,-1,-1,-1,-1,-1,-1,-1,-1,-1,-1,-1,3,-1,5,]|[43,0,0,0,0,0,0,0,55,0,0,35,0,0,41,0,0,0,0,46,0,0,0,0,0,0,34,0,0,0,0,0,0,0,34,0,0,0,0,0,0,0,0,0,0,0,0,37,0,39,]
0|[11,21,43,36,21,49,26,2,11,15,3,13,32,6,19,12,32,18,33,30,35,5,33,24,9,26,37,22,2,23,22,18,33,31,21,43,2,25,14,16,14,32,4,49,33,39,49,9,37,20,]|[-1,-1,-1,-1,-1,-1,-1,2,-1,-1,3,-1,-1,6,-1,-1,-1,-1,-1,-1,-1,5,-1,-1,9,-1,8,-1,2,-1,-1,-1,-1,-1,9,-1,2,-1,-1,-1,-1,-1,4,-1,-1,-1,-1,9,-1,5,]|[0,0,0,0,0,0,0,50,0,0,47,0,0,39,0,0,0,0,0,0,0,39,0,0,46,0,2,0,29,0,0,0,0,0,4,0,36,0,0,0,0,0,34,0,0,0,0,31,0,2,]
0|[42,31,46,6,0,11,26,14,32,35,7,41,5,10,6,44,17,25,19,44,39,32,8,44,19,0,9,11,39,16,7,4,47,12,33,10,30,40,8,15,13,19,11,17,2,17,4,4,2,37,]|[-1,-1,-1,6,0,-1,-1,-1,-1,-1,7,-1,5,-1,6,-1,-1,-1,-1,-1,-1,-1,8,-1,-1,0,9,-1,2,-1,7,4,-1,-1,-1,-1,2,-1,8,-1,-1,-1,4,-1,2,-1,4,4,2,-1,]|[0,0,0,48,35,0,0,0,0,0,41,0,46,0,50,0,0,0,0,0,0,0,47,0,0,49,35,0,1,0,42,36,0,0,0,0,4,0,44,0,0,0,1,0,52,0,44,40,41,0,]
0|[25,28,37,13,47,6,17,46,38,23,11,22,31,34,31,43,22,49,47,44,25,40,1,24,45,3,7,4,29,7,3,30,24,40,42,15,3,41,23,12,26,7,39,7,48,22,9,45,48,20,]|[-1,-1,-1,-1,-1,6,-1,-1,-1,-1,-1,-1,-1,-1,-1,-1,-1,-1,-1,-1,-1,-1,1,-1,-1,0,9,-1,-1,-1,7,4,-1,-1,-1,-1,-1,-1,8,-1,-1,-1,-1,-1,2,-1,4,4,2,-1,]|[0,0,0,0,0,45,0,0,0,0,0,0,0,0,0,0,0,0,0,0,0,0,35,0,0,15,14,0,0,0,13,17,0,0,0,0,0,0,19,0,0,0,0,0,13,0,14,24,19,0,]
0|[39,0,10,10,20,34,36,47,17,47,36,18,47,48,19,42,1,35,13,27,48,10,14,38,22,28,22,13,32,23,46,8,6,21,5,37,33,34,35,42,9,2,39,21,6,15,7,42,21,1,]|[-1,0,-1,-1,-1,-1,-1,-1,-1,-1,-1,-1,-1,-1,-1,-1,1,-1,-1,-1,-1,-1,-1,-1,-1,-1,-1,-1,-1,-1,-1,-1,-1,-1,-1,-1,-1,-1,-1,-1,-1,-1,-1,-1,-1,-1,-1,-1,-1,-1,]|[0,33,0,0,0,0,0,0,0,0,0,0,0,0,0,0,54,0,0,0,0,0,0,0,0,0,0,0,0,0,0,0,0,0,0,0,0,0,0,0,0,0,0,0,0,0,0,0,0,0,]
0|[22,46,39,37,36,9,26,3,46,41,39,29,21,29,35,17,21,41,18,23,33,2,22,38,38,22,17,40,5,36,18,39,13,49,15,46,37,44,37,17,38,20,47,35,6,12,7,13,29,9,]|[-1,-1,-1,-1,-1,9,-1,3,-1,-1,-1,-1,-1,-1,-1,-1,-1,-1,-1,-1,-1,2,-1,-1,-1,-1,-1,-1,5,-1,-1,-1,-1,-1,-1,-1,-1,-1,-1,-1,-1,-1,-1,-1,6,-1,7,-1,-1,9,]|[0,0,0,0,0,51,0,46,0,0,0,0,0,0,0,0,0,0,0,0,0,54,0,0,0,0,0,0,28,0,0,0,0,0,0,0,0,0,0,0,0,0,0,0,16,0,18,0,0,21,]
0|[48,3,32,20,49,40,45,13,3,17,2,40,45,34,12,16,5,32,39,40,17,24,18,5,46,43,34,10,27,19,0,43,29,32,37,27,14,12,8,47,18,8,47,16,26,49,39,31,41,4,]|[-1,3,-1,-1,-1,-1,-1,-1,3,-1,2,-1,-1,-1,-1,-1,5,-1,-1,-1,-1,-1,-1,5,-1,-1,-1,-1,-1,-1,0,-1,-1,-1,-1,-1,-1,-1,8,-1,-1,8,-1,-1,6,-1,7,-1,-1,4,]|[0,47,0,0,0,0,0,0,45,0,38,0,0,0,0,0,51,0,0,0,0,0,0,48,0,0,0,0,0,0,15,0,0,0,0,0,0,0,18,0,0,12,0,0,1,0,3,0,0,16,]
0|[8,37,24,15,23,23,48,47,9,40,28,31,23,31,43,46,5,46,12,39,6,13,16,30,41,28,29,44,27,29,16,39,1,10,39,13,39,2,44,33,24,15,30,10,22,8,25,36,10,2,]|[8,-1,-1,-1,-1,-1,-1,-1,9,-1,-1,-1,-1,-1,-1,-1,5,-1,-1,-1,6,-1,-1,-1,-1,-1,-1,-1,-1,-1,-1,-1,-1,-1,-1,-1,-1,-1,8,-1,-1,8,-1,-1,-1,-1,-1,-1,-1,-1,]|[33,0,0,0,0,0,0,0,43,0,0,0,0,0,0,0,52,0,0,0,46,0,0,0,0,0,0,0,0,0,0,0,0,0,0,0,0,0,2,0,0,2,0,0,0,0,0,0,0,0,]
0|[47,27,37,47,29,10,2,32,26,26,35,44,31,5,24,34,8,30,39,26,1,3,40,8,42,28,7,31,13,17,9,44,31,49,41,4,28,10,20,25,19,1,49,31,40,9,6,6,19,13,]|[-1,-1,-1,-1,-1,-1,2,-1,-1,-1,-1,-1,-1,5,-1,-1,8,-1,-1,-1,1,3,-1,8,-1,-1,7,-1,-1,-1,9,-1,-1,-1,-1,4,-1,-1,-1,-1,-1,1,-1,-1,-1,9,6,6,-1,-1,]|[0,0,0,0,0,0,55,0,0,0,0,0,0,41,0,0,46,0,0,0,45,49,0,36,0,0,44,0,0,0,47,0,0,0,0,42,0,0,0,0,0,54,0,0,0,29,35,36,0,0,]
0|[20,7,7,41,11,34,17,14,4,28,39,19,37,25,33,29,43,28,44,29,46,15,17,33,31,47,42,38,36,27,38,23,0,24,36,22,2,38,26,27,19,19,41,35,12,35,40,44,33,15,]|[-1,7,7,-1,-1,-1,-1,-1,4,-1,-1,-1,-1,-1,-1,-1,-1,-1,-1,-1,-1,-1,-1,-1,-1,-1,7,-1,-1,-1,9,-1,-1,-1,-1,4,-1,-1,-1,-1,-1,1,-1,-1,-1,9,6,6,-1,-1,]|[0,37,34,0,0,0,0,0,54,0,0,0,0,0,0,0,0,0,0,0,0,0,0,0,0,0,9,0,0,0,6,0,0,0,0,4,0,0,0,0,0,5,0,0,0,7,9,6,0,0,]
0|[14,2,38,11,25,35,5,0,4,47,10,38,29,28,47,34,29,17,37,43,2,13,18,13,39,21,8,30,17,16,21,45,14,28,35,19,9,27,29,30,28,4,6,22,33,11,38,30,4,40,]|[-1,2,-1,-1,-1,-1,5,0,4,-1,-1,-1,-1,-1,-1,-1,-1,-1,-1,-1,2,-1,-1,-1,-1,-1,8,-1,-1,-1,-1,-1,-1,-1,-1,-1,9,-1,-1,-1,-1,4,6,-1,-1,-1,-1,-1,4,-1,]|[0,51,0,0,0,0,57,47,49,0,0,0,0,0,0,0,0,0,0,0,51,0,0,0,0,0,43,0,0,0,0,0,0,0,0,0,47,0,0,0,0,37,46,0,0,0,0,0,47,0,]
0|[0,29,47,47,17,14,21,32,43,26,26,41,35,18,7,2,32,10,37,36,33,9,38,42,43,38,28,17,46,32,47,30,49,20,13,42,3,2,47,47,28,27,48,35,7,48,16,48,30,40,]|[0,-1,-1,-1,-1,-1,-1,-1,-1,-1,-1,-1,-1,-1,7,2,-1,-1,-1,-1,-1,9,-1,-1,-1,-1,-1,-1,-1,-1,-1,-1,-1,-1,-1,-1,3,2,-1,-1,-1,-1,-1,-1,7,-1,-1,-1,-1,-1,]|[43,0,0,0,0,0,0,0,0,0,0,0,0,0,38,47,0,0,0,0,0,39,0,0,0,0,0,0,0,0,0,0,0,0,0,0,1,2,0,0,0,0,0,0,1,0,0,0,0,0,]
0|[8,39,1,5,3,38,13,33,10,17,7,39,1,29,42,21,11,2,49,36,22,3,21,33,29,39,33,23,43,31,38,17,47,48,43,47,48,6,22,6,8,23,12,46,3,12,23,21,20,6,]|[8,-1,1,5,3,-1,-1,-1,-1,-1,7,-1,1,-1,-1,-1,-1,2,-1,-1,-1,3,-1,-1,-1,-1,-1,-1,-1,-1,-1,-1,-1,-1,-1,-1,3,6,-1,6,8,-1,-1,-1,3,-1,-1,-1,-1,6,]|[42,0,51,49,53,0,0,0,0,0,49,0,42,0,0,0,0,55,0,0,0,38,0,0,0,0,0,0,0,0,0,0,0,0,0,0,10,41,0,38,42,0,0,0,45,0,0,0,0,48,]
0|[22,12,49,0,45,43,16,30,21,39,1,24,36,2,35,40,19,47,30,35,10,13,31,17,8,42,39,22,26,45,36,46,4,45,20,20,18,33,46,32,16,44,12,4,37,7,2,47,37,14,]|[-1,-1,-1,0,-1,-1,-1,-1,-1,-1,1,-1,-1,2,-1,-1,-1,-1,-1,-1,-1,-1,-1,-1,8,-1,-1,-1,-1,-1,-1,-1,4,-1,-1,-1,-1,-1,-1,6,8,-1,-1,4,3,7,2,-1,-1,6,]|[0,0,0,46,0,0,0,0,0,0,44,0,0,52,0,0,0,0,0,0,0,0,0,0,51,0,0,0,0,0,0,0,13,0,0,0,0,0,0,2,3,0,0,14,2,19,8,0,0,6,]
0|[27,15,42,2,47,48,9,12,8,26,7,2,17,25,48,24,20,3,16,27,18,43,46,20,28,8,0,46,32,43,43,35,13,24,29,16,7,37,31,23,8,36,26,19,4,41,25,11,7,40,]|[-1,-1,-1,2,-1,-1,9,-1,8,-1,7,2,-1,-1,-1,-1,-1,3,-1,-1,-1,-1,-1,-1,-1,8,0,-1,-1,-1,-1,-1,-1,-1,-1,-1,7,-1,-1,-1,8,-1,-1,4,4,7,-1,-1,7,-1,]|[0,0,0,48,0,0,41,0,35,0,57,48,0,0,0,0,0,46,0,0,0,0,0,0,0,49,37,0,0,0,0,0,0,0,0,0,45,0,0,0,30,0,0,1,49,2,0,0,49,0,]
0|[35,21,28,42,39,22,0,0,44,14,15,27,46,6,15,29,39,2,21,12,17,40,47,33,43,7,9,15,8,16,36,1,3,1,32,1,35,26,39,33,33,15,33,7,47,1,20,26,23,22,]|[-1,-1,-1,-1,-1,-1,0,0,-1,-1,-1,-1,-1,6,-1,-1,-1,2,-1,-1,-1,-1,-1,-1,-1,7,9,-1,8,-1,-1,1,3,1,-1,1,7,-1,-1,-1,8,-1,-1,7,4,1,-1,-1,7,-1,]|[0,0,0,0,0,0,47,48,0,0,0,0,0,41,0,0,0,49,0,0,0,0,0,0,0,23,27,0,25,0,0,29,32,20,0,27,6,0,0,0,5,0,0,26,5,23,0,0,3,0,]
0|[22,29,28,16,10,49,34,14,42,1,48,33,19,20,40,14,13,22,28,30,39,26,42,4,12,23,14,44,34,34,5,48,11,33,43,46,2,29,47,42,22,22,8,44,18,42,2,46,8,1,]|[-1,-1,-1,-1,-1,-1,-1,-1,-1,1,-1,-1,-1,-1,-1,-1,-1,-1,-1,-1,-1,-1,-1,4,-1,7,9,-1,8,-1,-1,1,3,1,-1,1,-1,-1,-1,-1,-1,-1,-1,7,-1,1,-1,-1,-1,-1,]|[0,0,0,0,0,0,0,0,0,44,0,0,0,0,0,0,0,0,0,0,0,0,0,51,0,11,7,0,9,0,0,6,14,7,0,11,0,0,0,0,0,0,0,13,0,12,0,0,0,0,]
0|[38,31,22,29,0,22,41,42,46,47,39,11,19,18,39,23,1,12,28,2,46,35,14,0,43,27,26,43,30,1,29,3,15,29,12,17,6,8,9,22,0,42,6,38,27,24,9,6,39,30,]|[-1,-1,-1,-1,0,-1,-1,-1,-1,-1,-1,-1,-1,-1,-1,-1,1,-1,-1,2,-1,-1,-1,0,-1,-1,-1,-1,-1,1,-1,3,-1,-1,-1,-1,6,8,9,-1,0,-1,6,-1,-1,-1,9,6,-1,-1,]|[0,0,0,0,41,0,0,0,0,0,0,0,0,0,0,0,45,0,0,49,0,0,0,55,0,0,0,0,0,45,0,30,0,0,0,0,36,38,44,0,40,0,45,0,0,0,41,35,0,0,]
0|[10,46,39,3,30,4,23,33,5,39,29,18,34,17,44,6,4,12,47,1,4,43,19,44,17,24,10,39,49,48,44,32,49,17,34,12,17,40,34,23,9,31,0,39,38,32,33,18,5,26,]|[-1,-1,-1,3,-1,4,-1,-1,5,-1,-1,-1,-1,-1,-1,6,4,-1,-1,1,4,-1,-1,-1,-1,-1,-1,-1,-1,1,-1,3,-1,-1,-1,-1,6,8,9,-1,9,-1,0,-1,-1,-1,9,6,5,-1,]|[0,0,0,50,0,56,0,0,55,0,0,0,0,0,0,57,37,0,0,49,42,0,0,0,0,0,0,0,0,4,0,5,0,0,0,0,7,5,8,0,35,0,51,0,0,0,2,1,31,0,]
0|[33,8,22,12,25,32,44,5,8,5,18,48,25,34,5,40,12,4,12,19,19,15,38,47,31,49,23,27,9,2,31,20,24,2,32,32,9,34,6,14,8,38,13,5,18,49,12,5,31,45,]|[-1,8,-1,-1,-1,-1,-1,5,8,5,-1,-1,-1,-1,5,-1,-1,4,-1,-1,-1,-1,-1,-1,-1,-1,-1,-1,9,2,-1,-1,-1,2,-1,-1,9,-1,6,-1,8,-1,0,5,-1,-1,-1,5,5,-1,]|[0,48,0,0,0,0,0,44,41,50,0,0,0,0,47,0,0,57,0,0,0,0,0,0,0,0,0,0,32,40,0,0,0,29,0,0,40,0,39,0,37,0,1,41,0,0,0,35,4,0,]
0|[7,32,36,30,34,9,45,35,24,0,15,31,9,31,27,6,10,26,6,11,9,28,35,17,43,2,9,43,37,14,20,14,39,10,17,3,19,26,16,30,49,49,27,22,34,39,32,32,46,9,]|[7,-1,-1,-1,-1,9,-1,-1,-1,0,-1,-1,9,-1,-1,6,-1,-1,6,-1,9,-1,-1,-1,-1,2,9,-1,9,2,-1,-1,-1,2,-1,3,9,-1,6,-1,8,-1,-1,5,-1,-1,-1,5,-1,9,]|[51,0,0,0,0,37,0,0,0,48,0,0,51,0,0,47,0,0,51,0,44,0,0,0,0,39,42,0,7,6,0,0,0,1,0,34,6,0,4,0,7,0,0,7,0,0,0,6,0,32,]
0|[45,3,12,19,2,13,17,18,3,3,16,4,29,23,32,19,28,35,39,42,23,27,16,2,33,18,21,2,29,25,31,49,48,29,25,30,20,26,0,16,24,1,10,31,7,36,11,2,2,8,]|[-1,3,-1,-1,2,-1,-1,-1,3,3,-1,4,-1,-1,-1,-1,-1,-1,-1,-1,-1,-1,-1,2,-1,2,9,2,-1,-1,-1,-1,-1,-1,-1,3,-1,-1,0,-1,-1,1,-1,-1,7,-1,-1,2,2,8,]|[0,40,0,0,44,0,0,0,44,41,0,55,0,0,0,0,0,0,0,0,0,0,0,46,0,2,2,38,0,0,0,0,0,0,0,3,0,0,60,0,0,47,0,0,39,0,0,42,39,44,]
0|[25,47,48,21,26,18,14,23,13,40,11,0,48,26,12,34,2,30,2,43,9,20,40,21,32,14,25,44,10,29,18,1,43,12,25,1,21,0,34,47,36,10,37,18,21,15,4,37,26,25,]|[-1,-1,-1,-1,-1,-1,-1,-1,-1,-1,-1,0,-1,-1,-1,-1,2,-1,2,-1,9,-1,-1,-1,-1,-1,-1,2,-1,-1,-1,1,-1,-1,-1,1,-1,0,0,-1,-1,1,-1,-1,7,-1,4,2,2,8,]|[0,0,0,0,0,0,0,0,0,0,0,36,0,0,0,0,55,0,44,0,48,0,0,0,0,0,0,3,0,0,0,27,0,0,0,24,0,25,4,0,0,3,0,0,5,0,15,5,6,8,]
0|[31,5,48,15,44,40,45,44,46,14,8,31,37,30,24,5,23,27,42,17,37,28,6,17,21,42,5,10,37,13,24,18,7,18,15,24,25,4,24,21,19,16,49,23,24,21,32,39,0,0,]|[-1,5,-1,-1,-1,-1,-1,-1,-1,-1,8,-1,-1,-1,-1,5,-1,-1,-1,-1,-1,-1,6,-1,-1,-1,5,-1,-1,-1,-1,1,7,-1,-1,1,-1,4,-1,-1,-1,-1,-1,-1,-1,-1,-1,-1,0,0,]|[0,50,0,0,0,0,0,0,0,0,54,0,0,0,0,36,0,0,0,0,0,0,38,0,0,0,16,0,0,0,0,1,15,0,0,1,0,23,0,0,0,0,0,0,0,0,0,0,22,17,]
0|[9,29,44,14,44,29,44,23,1,34,38,16,22,18,25,2,2,12,35,11,3,49,5,3,6,24,12,40,38,44,33,41,43,23,3,48,44,30,21,0,35,30,49,26,17,13,20,7,5,35,]|[9,-1,-1,-1,-1,-1,-1,-1,1,-1,-1,-1,-1,-1,-1,2,2,-1,-1,-1,3,-1,5,3,6,-1,-1,-1,-1,-1,-1,-1,7,-1,3,-1,-1,4,-1,0,-1,-1,-1,-1,-1,-1,-1,7,5,0,]|[46,0,0,0,0,0,0,0,47,0,0,0,0,0,0,28,39,0,0,0,42,0,56,37,48,0,0,0,0,0,0,0,3,0,46,0,0,2,0,37,0,0,0,0,0,0,0,54,35,1,]
0|[34,40,4,49,15,44,45,33,26,18,40,36,33,29,34,19,0,4,16,41,21,2,38,48,18,49,34,46,13,19,44,34,3,41,0,1,32,3,33,33,29,26,24,6,49,43,32,30,49,30,]|[-1,-1,4,-1,-1,-1,-1,-1,-1,-1,-1,-1,-1,-1,-1,-1,0,4,-1,-1,3,2,-1,-1,-1,-1,-1,-1,-1,-1,-1,-1,3,-1,3,-1,-1,3,-1,0,-1,-1,-1,6,-1,-1,-1,7,5,-1,]|[0,0,46,0,0,0,0,0,0,0,0,0,0,0,0,0,41,48,0,0,1,45,0,0,0,0,0,0,0,0,0,0,1,0,2,0,0,11,0,3,0,0,0,1,0,0,0,2,1,0,]
0|[37,10,25,0,18,26,15,27,35,20,0,3,44,43,20,47,32,45,11,49,2,31,26,3,6,27,4,22,47,43,36,21,14,29,42,49,8,40,9,21,30,11,44,14,42,27,26,40,20,33,]|[-1,-1,-1,0,-1,-1,-1,-1,-1,-1,0,3,-1,-1,-1,-1,-1,-1,-1,-1,2,-1,-1,3,6,-1,4,-1,-1,-1,-1,-1,-1,-1,-1,-1,8,-1,9,-1,-1,-1,-1,-1,-1,-1,-1,-1,-1,-1,]|[0,0,0,51,0,0,0,0,0,0,37,49,0,0,0,0,0,0,0,0,54,0,0,42,46,0,29,0,0,0,0,0,0,0,0,0,49,0,35,0,0,0,0,0,0,0,0,0,0,0,]
0|[47,48,31,49,26,0,24,14,41,20,46,39,35,19,42,21,39,12,10,26,13,2,25,27,33,28,18,25,34,4,21,19,28,24,42,40,39,13,5,21,26,5,25,24,28,45,37,30,38,0,]|[-1,-1,-1,-1,-1,0,-1,-1,-1,-1,-1,-1,-1,-1,-1,-1,-1,-1,-1,-1,-1,2,-1,-1,-1,-1,4,-1,-1,-1,-1,-1,-1,-1,-1,-1,8,-1,9,-1,-1,-1,-1,-1,-1,-1,-1,-1,-1,-1,]|[0,0,0,0,0,58,0,0,0,0,0,0,0,0,0,0,0,0,0,0,0,44,0,0,0,0,4,0,0,0,0,0,0,0,0,0,4,0,2,0,0,0,0,0,0,0,0,0,0,0,]
0|[11,6,43,43,14,39,16,31,16,2,26,14,9,10,35,5,43,13,41,4,19,9,19,8,30,38,48,32,47,42,44,22,48,1,45,20,5,4,4,38,18,38,35,24,6,22,0,16,31,46,]|[-1,6,-1,-1,-1,-1,-1,-1,-1,2,-1,-1,9,-1,-1,5,-1,-1,-1,4,-1,9,-1,8,-1,-1,-1,-1,-1,-1,-1,-1,-1,1,-1,-1,5,4,4,-1,-1,-1,-1,-1,6,-1,0,-1,-1,-1,]|[0,41,0,0,0,0,0,0,0,46,0,0,47,0,0,43,0,0,0,53,0,50,0,42,0,0,0,0,0,0,0,0,0,38,0,0,33,50,34,0,0,0,0,0,46,0,43,0,0,0,]
0|[43,11,7,7,3,38,46,9,47,35,17,43,45,14,21,9,3,21,27,17,10,40,0,13,14,3,49,12,8,8,6,28,6,39,15,31,46,19,20,2,10,14,9,38,7,25,12,39,45,25,]|[-1,-1,7,7,3,-1,-1,9,-1,-1,-1,-1,-1,-1,-1,9,3,-1,-1,-1,-1,-1,0,-1,-1,3,-1,-1,8,8,6,-1,6,1,-1,-1,5,4,4,2,-1,-1,9,-1,7,-1,0,-1,-1,-1,]|[0,0,45,33,52,0,0,50,0,0,0,0,0,0,0,51,44,0,0,0,0,0,48,0,0,30,0,0,35,54,42,0,41,9,0,0,4,3,6,36,0,0,41,0,38,0,7,0,0,0,]
0|[1,32,10,41,45,3,25,22,34,39,22,4,28,27,42,35,37,21,1,36,47,6,43,27,48,18,39,6,49,1,31,13,20,17,13,13,49,29,26,2,40,3,48,35,45,5,37,48,23,19,]|[1,-1,-1,-1,-1,3,-1,-1,-1,-1,-1,4,-1,-1,-1,-1,-1,-1,1,-1,-1,6,-1,-1,-1,3,-1,6,8,1,6,-1,6,-1,-1,-1,-1,-1,-1,2,-1,3,9,-1,7,5,-1,-1,-1,-1,]|[30,0,0,0,0,42,0,0,0,0,0,36,0,0,0,0,0,0,49,0,0,47,0,0,0,4,0,37,8,37,9,0,3,0,0,0,0,0,0,33,0,34,8,0,4,28,0,0,0,0,]
0|[31,13,46,4,29,40,14,3,17,49,16,27,43,9,44,12,10,2,11,22,15,27,6,20,23,35,37,40,39,2,39,20,25,23,43,25,16,38,23,45,1,49,34,5,21,27,39,6,26,4,]|[-1,-1,-1,4,-1,-1,-1,3,-1,-1,-1,-1,-1,9,-1,-1,-1,2,-1,-1,-1,-1,6,-1,-1,-1,-1,6,-1,2,-1,-1,-1,-1,-1,-1,-1,-1,-1,2,1,3,-1,5,-1,5,-1,6,-1,4,]|[0,0,0,47,0,0,0,44,0,0,0,0,0,45,0,0,0,57,0,0,0,0,39,0,0,0,0,4,0,31,0,0,0,0,0,0,0,0,0,3,25,5,0,31,0,5,0,28,0,25,]
0|[48,36,3,28,42,30,15,1,37,12,8,31,8,3,26,21,5,26,2,49,6,39,6,34,39,36,15,3,26,13,34,36,1,31,21,17,5,20,36,20,7,8,4,24,40,41,12,42,20,35,]|[-1,-1,3,-1,-1,-1,-1,1,-1,-1,8,-1,8,3,-1,-1,5,-1,2,-1,6,-1,6,-1,-1,-1,-1,3,-1,2,-1,-1,1,-1,-1,-1,5,-1,-1,-1,7,8,4,5,-1,-1,-1,6,-1,4,]|[0,0,57,0,0,0,0,51,0,0,43,0,51,55,0,0,36,0,40,0,52,0,55,0,0,0,0,43,0,9,0,0,31,0,0,0,35,0,0,0,53,38,46,6,0,0,0,7,0,3,]
0|[46,38,16,18,6,13,33,23,44,43,7,5,11,49,5,22,34,1,36,31,14,35,18,9,34,47,24,9,5,43,3,20,23,49,21,49,0,2,28,35,12,8,40,7,7,33,6,12,10,11,]|[-1,-1,-1,-1,6,-1,-1,-1,-1,-1,7,5,-1,-1,5,-1,-1,1,-1,-1,-1,-1,-1,9,-1,-1,-1,9,5,-1,3,-1,1,-1,-1,-1,0,2,-1,-1,7,8,4,7,7,-1,6,-1,-1,-1,]|[0,0,0,0,50,0,0,0,0,0,33,39,0,0,47,0,0,50,0,0,0,0,0,50,0,0,0,35,40,0,46,0,8,0,0,0,40,38,0,0,4,44,6,46,35,0,40,0,0,0,]
0|[14,4,37,43,40,46,35,12,23,9,26,17,1,25,36,0,28,19,22,43,17,0,5,1,33,4,4,40,48,26,32,10,48,1,15,22,31,1,25,2,22,26,41,6,7,3,14,20,15,14,]|[-1,4,-1,-1,-1,-1,-1,-1,-1,9,-1,-1,1,-1,-1,0,-1,-1,-1,-1,-1,0,5,1,-1,4,4,9,5,-1,3,-1,-1,1,-1,-1,0,1,-1,2,-1,8,-1,6,7,3,6,-1,-1,-1,]|[0,42,0,0,0,0,0,0,0,51,0,0,49,0,0,48,0,0,0,0,0,42,56,37,0,40,51,2,8,0,4,0,0,32,0,0,5,54,0,54,0,5,0,49,57,52,9,0,0,0,]
0|[5,5,6,38,47,14,10,30,0,41,4,33,41,39,28,5,22,32,15,1,24,42,44,4,42,9,20,40,27,4,40,14,15,6,44,45,37,13,42,11,18,22,14,23,10,7,44,0,40,36,]|[5,5,6,-1,-1,-1,-1,-1,0,-1,4,-1,-1,-1,-1,5,-1,-1,-1,1,-1,-1,-1,4,-1,9,4,-1,-1,4,-1,-1,-1,6,-1,-1,-1,1,-1,2,-1,-1,-1,-1,7,7,-1,0,-1,-1,]|[39,51,42,0,0,0,0,0,51,0,46,0,0,0,0,39,0,0,0,44,0,0,0,40,0,50,5,0,0,45,0,0,0,43,0,0,0,2,0,6,0,0,0,0,4,41,0,39,0,0,]
0|[48,44,44,7,42,5,33,17,8,4,39,33,19,8,19,37,38,14,13,27,9,1,14,22,11,23,18,3,38,48,5,9,12,46,4,37,47,45,35,2,32,18,21,22,4,16,8,25,43,34,]|[-1,-1,-1,7,-1,5,-1,-1,8,4,-1,-1,-1,8,-1,-1,-1,-1,-1,-1,9,1,-1,-1,-1,9,-1,3,-1,-1,5,9,-1,6,4,-1,-1,-1,-1,2,-1,-1,-1,-1,4,7,8,0,-1,-1,]|[0,0,0,44,0,37,0,0,62,32,0,0,0,48,0,0,0,0,0,0,48,57,0,0,0,1,0,46,0,0,38,41,0,1,49,0,0,0,0,48,0,0,0,0,40,2,53,2,0,0,]
0|[42,4,47,23,3,9,44,12,10,36,45,36,19,43,18,14,26,25,6,27,10,45,0,16,41,42,11,30,2,12,45,33,14,10,23,12,13,16,10,17,26,42,15,38,31,0,14,9,37,33,]|[-1,4,-1,-1,3,9,-1,-1,-1,-1,-1,-1,-1,-1,-1,-1,-1,-1,6,-1,-1,-1,0,-1,-1,-1,-1,3,2,-1,5,9,-1,-1,4,-1,-1,-1,-1,2,-1,-1,-1,-1,4,0,8,9,-1,-1,]|[0,44,0,0,44,43,0,0,0,0,0,0,0,0,0,0,0,0,49,0,0,0,41,0,0,0,0,5,25,0,8,6,0,0,10,0,0,0,0,5,0,0,0,0,7,27,3,30,0,0,]
0|[33,27,8,38,44,30,9,21,19,10,1,31,48,45,47,12,3,18,33,18,32,47,14,30,27,43,12,43,45,31,26,8,16,49,49,29,1,36,14,48,40,15,2,8,2,7,23,41,31,10,]|[-1,-1,8,-1,-1,-1,9,-1,-1,-1,1,-1,-1,-1,-1,-1,3,-1,-1,-1,-1,-1,-1,-1,-1,-1,-1,-1,2,-1,-1,8,-1,-1,-1,-1,1,-1,-1,-1,-1,-1,2,8,2,7,-1,9,-1,-1,]|[0,0,56,0,0,0,47,0,0,0,40,0,0,0,0,0,53,0,0,0,0,0,0,0,0,0,0,0,5,0,0,36,0,0,0,0,45,0,0,0,0,0,46,38,37,41,0,3,0,0,]
0|[1,33,14,32,28,12,9,20,42,8,23,12,49,48,4,49,42,15,30,42,36,16,16,27,5,28,29,5,7,47,19,6,48,25,19,45,10,32,2,39,3,41,22,40,40,15,20,1,20,28,]|[1,-1,-1,-1,-1,-1,9,-1,-1,8,-1,-1,-1,-1,4,-1,-1,-1,-1,-1,-1,-1,-1,-1,5,-1,-1,5,7,-1,-1,6,-1,-1,-1,-1,1,-1,2,-1,3,-1,2,8,2,7,-1,1,-1,-1,]|[40,0,0,0,0,0,50,0,0,40,0,0,0,0,51,0,0,0,0,0,0,0,0,0,48,0,0,41,39,0,0,39,0,0,0,0,7,0,35,0,36,0,4,9,4,5,0,38,0,0,]
0|[17,38,1,5,7,48,11,26,26,47,28,41,31,47,16,47,46,2,12,44,0,19,30,49,45,5,12,2,30,0,16,24,25,49,19,12,45,3,22,9,19,8,29,6,44,33,14,41,26,6,]|[-1,-1,1,5,7,-1,-1,-1,-1,-1,-1,-1,-1,-1,-1,-1,-1,2,-1,-1,0,-1,-1,-1,-1,5,-1,2,7,0,-1,6,-1,-1,-1,-1,-1,3,2,9,3,8,-1,6,-1,-1,-1,1,-1,6,]|[0,0,40,53,44,0,0,0,0,0,0,0,0,0,0,0,0,39,0,0,47,0,0,0,0,41,0,34,7,40,0,1,0,0,0,0,0,44,8,35,5,37,0,37,0,0,0,3,0,40,]
0|[20,8,49,4,11,32,14,17,15,4,19,39,22,26,17,5,5,2,27,2,22,37,44,3,8,33,32,41,20,40,3,28,37,22,12,0,2,41,36,11,11,45,13,6,17,14,41,22,42,39,]|[-1,8,-1,4,-1,-1,-1,-1,-1,4,-1,-1,-1,-1,-1,5,5,2,-1,2,-1,-1,-1,3,8,5,-1,2,-1,0,3,-1,-1,-1,-1,0,2,3,-1,9,-1,8,-1,6,-1,-1,-1,-1,-1,6,]|[0,45,0,36,0,0,0,0,0,55,0,0,0,0,0,41,47,45,0,51,0,0,0,53,40,2,0,4,0,8,40,0,0,0,0,41,45,6,0,7,0,5,0,45,0,0,0,0,0,5,]
0|[22,25,47,10,6,10,15,20,8,5,18,31,19,9,12,14,22,37,16,4,26,22,38,36,4,35,4,10,3,2,45,38,8,22,24,31,7,28,2,15,21,9,42,35,36,26,3,48,7,16,]|[-1,-1,-1,-1,6,-1,-1,-1,8,5,-1,-1,-1,9,-1,-1,-1,-1,-1,4,-1,-1,-1,-1,4,-1,4,-1,3,2,3,-1,8,-1,-1,0,7,-1,2,-1,-1,9,-1,-1,-1,-1,3,-1,7,-1,]|[0,0,0,0,49,0,0,0,49,39,0,0,0,45,0,0,0,0,0,49,0,0,0,0,49,0,41,0,32,40,4,0,39,0,0,4,39,0,34,0,0,38,0,0,0,0,40,0,42,0,]
0|[1,36,23,13,11,27,34,12,11,3,31,9,11,3,29,21,29,23,34,46,9,26,17,21,4,1,49,25,35,20,34,39,49,32,1,32,27,40,10,8,43,35,43,49,42,5,7,31,30,40,]|[1,-1,-1,-1,-1,-1,-1,-1,-1,3,-1,9,-1,3,-1,-1,-1,-1,-1,-1,9,-1,-1,-1,4,1,4,-1,3,2,-1,-1,8,-1,1,-1,7,-1,2,8,-1,9,-1,-1,-1,5,7,-1,7,-1,]|[39,0,0,0,0,0,0,0,0,31,0,41,0,49,0,0,0,0,0,0,41,0,0,0,59,23,2,0,8,7,0,0,4,0,22,0,6,0,6,22,0,6,0,0,0,20,32,0,4,0,]
0|[12,33,34,26,45,46,26,5,12,7,44,46,32,27,43,39,27,5,24,4,31,8,45,34,41,40,22,2,12,27,25,42,45,14,27,5,40,40,21,16,12,12,4,3,33,4,6,15,8,29,]|[-1,-1,-1,-1,-1,-1,-1,5,-1,7,-1,-1,-1,-1,-1,-1,-1,5,-1,4,-1,8,-1,-1,-1,1,-1,2,-1,-1,-1,-1,-1,-1,1,5,-1,-1,-1,8,-1,-1,4,3,-1,4,6,-1,8,-1,]|[0,0,0,0,0,0,0,46,0,61,0,0,0,0,0,0,0,57,0,41,0,52,0,0,0,2,0,44,0,0,0,0,0,0,2,42,0,0,0,4,0,0,44,41,0,48,48,0,39,0,]
0|[8,27,35,24,22,17,37,45,13,13,16,26,49,31,28,10,15,41,36,40,47,38,2,33,31,27,29,39,21,18,17,29,14,13,43,33,31,6,1,35,34,12,41,18,36,7,34,16,37,40,]|[8,-1,-1,-1,-1,-1,-1,-1,-1,-1,-1,-1,-1,-1,-1,-1,-1,-1,-1,-1,-1,-1,2,-1,-1,-1,-1,2,-1,-1,-1,-1,-1,-1,-1,5,-1,-1,-1,-1,-1,-1,4,3,-1,4,6,-1,8,-1,]|[59,0,0,0,0,0,0,0,0,0,0,0,0,0,0,0,0,0,0,0,0,0,45,0,0,0,0,4,0,0,0,0,0,0,0,8,0,0,0,0,0,0,9,6,0,5,8,0,7,0,]
0|[25,40,24,7,23,3,15,2,48,5,41,39,25,3,46,5,12,35,3,13,3,9,0,25,4,25,9,3,25,32,49,32,25,47,11,17,29,10,4,27,18,24,13,2,45,45,32,12,16,49,]|[-1,-1,-1,7,-1,3,-1,2,-1,5,-1,-1,-1,3,-1,5,-1,-1,3,-1,3,9,0,-1,4,-1,9,3,-1,-1,-1,-1,-1,-1,-1,-1,-1,-1,4,-1,-1,-1,-1,2,-1,-1,-1,-1,-1,-1,]|[0,0,0,56,0,51,0,50,0,38,0,0,0,51,0,44,0,0,51,0,43,45,48,0,39,0,45,38,0,0,0,0,0,0,0,0,0,0,47,0,0,0,0,47,0,0,0,0,0,0,]
0|[13,43,12,12,24,0,26,11,42,45,13,36,45,42,23,10,15,15,6,16,38,49,42,10,26,48,4,35,25,16,27,40,19,3,36,33,47,11,26,27,28,39,9,46,30,17,17,19,0,29,]|[-1,-1,-1,-1,-1,0,-1,-1,-1,-1,-1,-1,-1,-1,-1,-1,-1,-1,6,-1,-1,-1,-1,-1,-1,-1,9,-1,-1,-1,-1,-1,-1,-1,-1,-1,-1,-1,4,-1,-1,-1,-1,2,-1,-1,-1,-1,-1,-1,]|[0,0,0,0,0,47,0,0,0,0,0,0,0,0,0,0,0,0,43,0,0,0,0,0,0,0,2,0,0,0,0,0,0,0,0,0,0,0,6,0,0,0,0,2,0,0,0,0,0,0,]
0|[8,35,42,4,12,2,40,17,47,42,48,40,13,12,32,46,49,11,0,21,27,9,1,19,24,15,36,0,26,20,43,4,0,4,21,24,6,15,32,46,4,34,35,20,28,36,37,39,27,7,]|[8,-1,-1,4,-1,2,-1,-1,-1,-1,-1,-1,-1,-1,-1,-1,-1,-1,0,-1,-1,9,1,-1,-1,-1,-1,0,-1,-1,-1,4,0,4,-1,-1,6,-1,-1,-1,4,-1,-1,-1,-1,-1,-1,-1,-1,7,]|[40,0,0,39,0,55,0,0,0,0,0,0,0,0,0,0,0,0,51,0,0,61,48,0,0,0,0,43,0,0,0,43,42,41,0,0,45,0,0,0,42,0,0,0,0,0,0,0,0,45,]
0|[4,26,46,1,33,38,28,21,16,8,45,6,33,26,32,4,5,12,11,33,27,39,38,2,32,8,19,0,24,29,18,3,22,14,8,19,30,39,20,7,12,43,29,8,37,6,47,26,45,48,]|[4,-1,-1,1,-1,-1,-1,-1,-1,8,-1,6,-1,-1,-1,4,5,-1,-1,-1,-1,-1,-1,2,-1,8,-1,0,-1,-1,-1,3,0,4,8,-1,6,-1,-1,7,4,-1,-1,8,-1,6,-1,-1,-1,7,]|[42,0,0,55,0,0,0,0,0,45,0,48,0,0,0,35,53,0,0,0,0,0,0,41,0,43,0,55,0,0,0,43,4,5,45,0,2,0,0,52,4,0,0,41,0,44,0,0,0,4,]
0|[28,19,14,43,33,43,2,43,28,38,18,40,18,25,7,11,21,44,12,30,9,19,28,25,15,33,7,3,38,31,21,12,14,19,7,8,13,24,9,8,4,30,33,36,11,10,48,16,16,0,]|[-1,-1,-1,-1,-1,-1,2,-1,-1,-1,-1,-1,-1,-1,7,-1,-1,-1,-1,-1,9,-1,-1,-1,-1,8,-1,0,-1,-1,-1,3,-1,-1,8,-1,-1,-1,-1,7,-1,-1,-1,8,-1,6,-1,-1,-1,-1,]|[0,0,0,0,0,0,55,0,0,0,0,0,0,0,43,0,0,0,0,0,34,0,0,0,0,8,0,8,0,0,0,7,0,0,9,0,0,0,0,8,0,0,0,2,0,6,0,0,0,0,]
0|[30,31,27,46,36,11,47,12,12,9,25,10,30,24,27,37,22,23,36,33,20,16,42,11,27,31,49,32,33,26,35,2,11,25,27,42,25,16,49,5,24,36,5,28,20,35,25,20,1,25,]|[-1,-1,-1,-1,-1,-1,-1,-1,-1,9,-1,-1,-1,-1,-1,-1,-1,-1,-1,-1,-1,-1,-1,-1,-1,-1,-1,-1,-1,-1,-1,-1,-1,-1,-1,-1,-1,-1,-1,-1,-1,-1,-1,-1,-1,-1,-1,-1,-1,-1,]|[0,0,0,0,0,0,0,0,0,50,0,0,0,0,0,0,0,0,0,0,0,0,0,0,0,0,0,0,0,0,0,0,0,0,0,0,0,0,0,0,0,0,0,0,0,0,0,0,0,0,]
0|[27,10,34,43,20,46,1,49,24,16,44,48,47,7,5,6,19,13,0,3,39,39,40,1,31,43,18,21,12,43,18,31,46,3,16,44,49,17,34,9,47,20,25,4,10,35,40,33,20,41,]|[-1,-1,-1,-1,-1,-1,1,-1,-1,-1,-1,-1,-1,7,5,6,-1,-1,0,3,-1,-1,-1,1,-1,-1,-1,-1,-1,-1,-1,-1,-1,3,-1,-1,-1,-1,-1,9,-1,-1,-1,4,-1,-1,-1,-1,-1,-1,]|[0,0,0,0,0,0,56,0,0,0,0,0,0,40,37,31,0,0,51,51,0,0,0,55,0,0,0,0,0,0,0,0,0,53,0,0,0,0,0,41,0,0,0,41,0,0,0,0,0,0,]
0|[2,36,0,3,46,8,47,18,4,42,0,13,20,24,8,16,46,6,32,40,7,26,45,49,14,6,43,15,33,49,42,29,23,30,32,28,21,31,16,4,39,5,2,9,18,13,24,12,29,30,]|[2,-1,0,3,-1,8,-1,-1,4,-1,0,-1,-1,-1,8,-1,-1,6,-1,-1,7,-1,-1,-1,-1,6,-1,-1,-1,-1,-1,-1,-1,3,-1,-1,-1,-1,-1,4,-1,5,2,9,-1,-1,-1,-1,-1,-1,]|[45,0,54,46,0,47,0,0,50,0,55,0,0,0,44,0,0,45,0,0,48,0,0,0,0,52,0,0,0,0,0,0,0,3,0,0,0,0,0,45,0,41,47,42,0,0,0,0,0,0,]
0|[44,0,38,48,8,41,46,43,26,28,21,41,40,25,28,29,32,24,46,35,45,14,33,8,19,40,8,39,28,8,16,11,32,48,6,6,10,19,21,46,1,34,48,37,18,26,1,49,47,48,]|[-1,0,-1,-1,8,-1,-1,-1,-1,-1,-1,-1,-1,-1,-1,-1,-1,-1,-1,-1,-1,-1,-1,8,-1,6,8,-1,-1,8,-1,-1,-1,-1,6,6,-1,-1,-1,4,1,5,2,9,-1,-1,1,-1,-1,-1,]|[0,56,0,0,44,0,0,0,0,0,0,0,0,0,0,0,0,0,0,0,0,0,0,47,0,2,20,0,0,25,0,0,0,0,19,19,0,0,0,7,17,11,6,3,0,0,25,0,0,0,]
0|[8,40,23,45,37,4,27,22,29,18,33,33,1,25,9,47,4,24,37,33,47,24,44,7,17,8,17,6,18,5,30,31,6,12,37,13,47,2,45,11,35,32,28,33,9,33,14,21,16,34,]|[8,-1,-1,-1,-1,4,-1,-1,-1,-1,-1,-1,1,-1,9,-1,4,-1,-1,-1,-1,-1,-1,7,-1,8,8,6,-1,5,-1,-1,6,-1,6,6,-1,2,-1,-1,1,-1,-1,-1,9,-1,1,-1,-1,-1,]|[56,0,0,0,0,64,0,0,0,0,0,0,47,0,46,0,65,0,0,0,0,0,0,49,0,48,7,54,0,45,0,0,44,0,6,8,0,45,0,0,6,0,0,0,37,0,10,0,0,0,]
correct pattern: 0/200(0%)
